4
tag_weapon
-1
0.000000 0.000000 0.000000
tag_brass
0
-14.485789 -0.025509 -0.159060
tag_clip
0
-10.086992 -0.025509 -7.334501
tag_flash
0
53.282688 0.000000 -0.148582
2
WraithMesh00
1
1
mtl_weapon_remington700
0
66
-23.363750 -2.171936 -4.439448
0.015748 -1.000000 0.000000
255 255 255 255
0.818359 0.975098
0 0 0 0
1.000000 0.000000 0.000000 0.000000
-21.744699 -2.171936 0.822470
0.015748 -1.000000 0.000000
255 255 255 255
0.800293 0.889648
0 0 0 0
1.000000 0.000000 0.000000 0.000000
53.551144 -1.257709 -1.290830
0.015748 -1.000000 0.000000
255 255 255 255
-0.028076 0.922363
0 0 0 0
1.000000 0.000000 0.000000 0.000000
53.328880 -1.257709 0.709574
0.015748 -1.000000 0.000000
255 255 255 255
-0.025848 0.893066
0 0 0 0
1.000000 0.000000 0.000000 0.000000
-54.935257 -2.171936 -12.939468
0.000000 -1.000000 0.000000
255 255 255 255
0.338623 0.328125
0 0 0 0
1.000000 0.000000 0.000000 0.000000
-55.542404 -2.171936 -2.010870
0.000000 -1.000000 0.000000
255 255 255 255
0.337646 0.227295
0 0 0 0
1.000000 0.000000 0.000000 0.000000
-33.685207 -2.171936 -8.891839
0.000000 -1.000000 0.000000
255 255 255 255
0.140625 0.303467
0 0 0 0
1.000000 0.000000 0.000000 0.000000
-23.363750 -2.171936 -4.439448
0.000000 -1.000000 0.000000
255 255 255 255
0.042999 0.268799
0 0 0 0
1.000000 0.000000 0.000000 0.000000
-30.244717 -2.171936 -11.118035
0.000000 -1.000000 0.000000
255 255 255 255
0.110291 0.326172
0 0 0 0
1.000000 0.000000 0.000000 0.000000
-21.744699 -2.171936 0.822470
0.000000 -1.000000 0.000000
255 255 255 255
0.024963 0.221313
0 0 0 0
1.000000 0.000000 0.000000 0.000000
-23.363750 2.171936 -4.439448
0.015748 1.000000 0.000000
255 255 255 255
0.818359 0.975098
0 0 0 0
1.000000 0.000000 0.000000 0.000000
53.551144 1.257709 -1.290830
0.015748 1.000000 0.000000
255 255 255 255
-0.028076 0.922363
0 0 0 0
1.000000 0.000000 0.000000 0.000000
-21.744699 2.171936 0.822470
0.015748 1.000000 0.000000
255 255 255 255
0.800293 0.889648
0 0 0 0
1.000000 0.000000 0.000000 0.000000
53.328880 1.257709 0.709574
0.015748 1.000000 0.000000
255 255 255 255
-0.025848 0.893066
0 0 0 0
1.000000 0.000000 0.000000 0.000000
-21.744699 2.171936 0.822470
0.000000 1.000000 0.000000
255 255 255 255
0.024963 0.221313
0 0 0 0
1.000000 0.000000 0.000000 0.000000
-55.542404 2.171936 -2.010870
0.000000 1.000000 0.000000
255 255 255 255
0.337646 0.227295
0 0 0 0
1.000000 0.000000 0.000000 0.000000
-23.363750 2.171936 -4.439448
0.000000 1.000000 0.000000
255 255 255 255
0.042999 0.268799
0 0 0 0
1.000000 0.000000 0.000000 0.000000
-33.685207 2.171936 -8.891839
0.000000 1.000000 0.000000
255 255 255 255
0.140625 0.303467
0 0 0 0
1.000000 0.000000 0.000000 0.000000
-30.244720 2.171936 -11.118035
0.000000 1.000000 0.000000
255 255 255 255
0.110291 0.326172
0 0 0 0
1.000000 0.000000 0.000000 0.000000
-54.935257 2.171936 -12.939468
0.000000 1.000000 0.000000
255 255 255 255
0.338623 0.328125
0 0 0 0
1.000000 0.000000 0.000000 0.000000
-23.363750 2.171936 -4.439448
0.039370 0.000000 -1.000000
255 255 255 255
0.558105 0.957031
0 0 0 0
1.000000 0.000000 0.000000 0.000000
-23.363750 -2.171936 -4.439448
0.039370 0.000000 -1.000000
255 255 255 255
0.558105 0.905762
0 0 0 0
1.000000 0.000000 0.000000 0.000000
53.551144 1.257709 -1.290830
0.039370 0.000000 -1.000000
255 255 255 255
0.010002 0.957031
0 0 0 0
1.000000 0.000000 0.000000 0.000000
53.551144 -1.257709 -1.290830
0.039370 0.000000 -1.000000
255 255 255 255
0.010002 0.905762
0 0 0 0
1.000000 0.000000 0.000000 0.000000
53.551144 1.257709 -1.290830
0.992126 0.000000 0.110236
255 255 255 255
0.162964 0.515137
0 0 0 0
1.000000 0.000000 0.000000 0.000000
53.551144 -1.257709 -1.290830
0.992126 0.000000 0.110236
255 255 255 255
0.124634 0.515137
0 0 0 0
1.000000 0.000000 0.000000 0.000000
53.328880 1.257709 0.709574
0.992126 0.000000 0.110236
255 255 255 255
0.162964 0.470459
0 0 0 0
1.000000 0.000000 0.000000 0.000000
53.328880 -1.257709 0.709574
0.992126 0.000000 0.110236
255 255 255 255
0.124634 0.470459
0 0 0 0
1.000000 0.000000 0.000000 0.000000
53.328880 1.257709 0.709574
0.000000 0.000000 1.000000
255 255 255 255
0.011444 0.957031
0 0 0 0
1.000000 0.000000 0.000000 0.000000
53.328880 -1.257709 0.709574
0.000000 0.000000 1.000000
255 255 255 255
0.011444 0.905762
0 0 0 0
1.000000 0.000000 0.000000 0.000000
-21.744699 -2.171936 0.822470
-0.039370 0.000000 1.000000
255 255 255 255
0.546875 0.905762
0 0 0 0
1.000000 0.000000 0.000000 0.000000
-21.744699 2.171936 0.822470
-0.039370 0.000000 1.000000
255 255 255 255
0.546875 0.957031
0 0 0 0
1.000000 0.000000 0.000000 0.000000
-55.542404 2.171936 -2.010870
-0.086614 0.000000 1.000000
255 255 255 255
0.787598 0.957031
0 0 0 0
1.000000 0.000000 0.000000 0.000000
-55.542404 -2.171936 -2.010870
-0.086614 0.000000 1.000000
255 255 255 255
0.787598 0.905762
0 0 0 0
1.000000 0.000000 0.000000 0.000000
-55.542404 2.171936 -2.010870
-1.000000 0.000000 -0.055118
255 255 255 255
0.052490 0.466553
0 0 0 0
1.000000 0.000000 0.000000 0.000000
-55.542404 -2.171936 -2.010870
-1.000000 0.000000 -0.055118
255 255 255 255
0.010735 0.466553
0 0 0 0
1.000000 0.000000 0.000000 0.000000
-54.935257 2.171936 -12.939468
-1.000000 0.000000 -0.055118
255 255 255 255
0.052490 0.634766
0 0 0 0
1.000000 0.000000 0.000000 0.000000
-54.935257 -2.171936 -12.939468
-1.000000 0.000000 -0.055118
255 255 255 255
0.010735 0.634766
0 0 0 0
1.000000 0.000000 0.000000 0.000000
-54.935257 2.171936 -12.939468
0.188976 0.000000 -0.984252
255 255 255 255
0.783203 0.957031
0 0 0 0
1.000000 0.000000 0.000000 0.000000
-54.935257 -2.171936 -12.939468
0.188976 0.000000 -0.984252
255 255 255 255
0.783203 0.905762
0 0 0 0
1.000000 0.000000 0.000000 0.000000
-33.685207 2.171936 -8.891839
0.188976 0.000000 -0.984252
255 255 255 255
0.631836 0.957031
0 0 0 0
1.000000 0.000000 0.000000 0.000000
-33.685207 -2.171936 -8.891839
0.188976 0.000000 -0.984252
255 255 255 255
0.631836 0.905762
0 0 0 0
1.000000 0.000000 0.000000 0.000000
-33.685207 2.171936 -8.891839
-0.543307 0.000000 -0.842520
255 255 255 255
0.631836 0.957031
0 0 0 0
1.000000 0.000000 0.000000 0.000000
-33.685207 -2.171936 -8.891839
-0.543307 0.000000 -0.842520
255 255 255 255
0.631836 0.905762
0 0 0 0
1.000000 0.000000 0.000000 0.000000
-30.244720 2.171936 -11.118035
-0.543307 0.000000 -0.842520
255 255 255 255
0.607422 0.957031
0 0 0 0
1.000000 0.000000 0.000000 0.000000
-30.244717 -2.171936 -11.118035
-0.543307 0.000000 -0.842520
255 255 255 255
0.607422 0.905762
0 0 0 0
1.000000 0.000000 0.000000 0.000000
-30.244720 2.171936 -11.118035
0.692913 0.000000 -0.716535
255 255 255 255
0.607422 0.957031
0 0 0 0
1.000000 0.000000 0.000000 0.000000
-30.244717 -2.171936 -11.118035
0.692913 0.000000 -0.716535
255 255 255 255
0.607422 0.905762
0 0 0 0
1.000000 0.000000 0.000000 0.000000
-23.363750 2.171936 -4.439448
0.692913 0.000000 -0.716535
255 255 255 255
0.558105 0.957031
0 0 0 0
1.000000 0.000000 0.000000 0.000000
-23.363750 -2.171936 -4.439448
0.692913 0.000000 -0.716535
255 255 255 255
0.558105 0.905762
0 0 0 0
1.000000 0.000000 0.000000 0.000000
6.998035 -1.628231 6.279225
0.000000 0.000000 1.000000
255 255 255 255
0.291992 0.397461
0 0 0 0
1.000000 0.000000 0.000000 0.000000
-30.984062 -1.628231 6.279225
0.000000 0.000000 1.000000
255 255 255 255
0.993652 0.397461
0 0 0 0
1.000000 0.000000 0.000000 0.000000
6.998035 1.628231 6.279225
0.000000 0.000000 1.000000
255 255 255 255
0.291992 0.612793
0 0 0 0
1.000000 0.000000 0.000000 0.000000
-30.984062 1.628231 6.279225
0.000000 0.000000 1.000000
255 255 255 255
0.993652 0.612793
0 0 0 0
1.000000 0.000000 0.000000 0.000000
-30.984066 -1.628231 2.696085
0.000000 0.000000 -1.000000
255 255 255 255
0.993652 0.397461
0 0 0 0
1.000000 0.000000 0.000000 0.000000
6.998035 -1.628231 2.696085
0.000000 0.000000 -1.000000
255 255 255 255
0.291992 0.397461
0 0 0 0
1.000000 0.000000 0.000000 0.000000
-30.984066 1.628231 2.696085
0.000000 0.000000 -1.000000
255 255 255 255
0.993652 0.612793
0 0 0 0
1.000000 0.000000 0.000000 0.000000
6.998035 1.628231 2.696085
0.000000 0.000000 -1.000000
255 255 255 255
0.291992 0.612793
0 0 0 0
1.000000 0.000000 0.000000 0.000000
6.998035 1.628231 6.279225
0.000000 1.000000 0.000000
255 255 255 255
0.291992 0.397461
0 0 0 0
1.000000 0.000000 0.000000 0.000000
-30.984062 1.628231 6.279225
0.000000 1.000000 0.000000
255 255 255 255
0.993652 0.397461
0 0 0 0
1.000000 0.000000 0.000000 0.000000
6.998035 1.628231 2.696085
0.000000 1.000000 0.000000
255 255 255 255
0.291992 0.612793
0 0 0 0
1.000000 0.000000 0.000000 0.000000
-30.984066 1.628231 2.696085
0.000000 1.000000 0.000000
255 255 255 255
0.993652 0.612793
0 0 0 0
1.000000 0.000000 0.000000 0.000000
6.998035 -1.628231 2.696085
0.000000 -1.000000 0.000000
255 255 255 255
0.291992 0.612793
0 0 0 0
1.000000 0.000000 0.000000 0.000000
-30.984066 -1.628231 2.696085
0.000000 -1.000000 0.000000
255 255 255 255
0.993652 0.612793
0 0 0 0
1.000000 0.000000 0.000000 0.000000
6.998035 -1.628231 6.279225
0.000000 -1.000000 0.000000
255 255 255 255
0.291992 0.397461
0 0 0 0
1.000000 0.000000 0.000000 0.000000
-30.984062 -1.628231 6.279225
0.000000 -1.000000 0.000000
255 255 255 255
0.993652 0.397461
0 0 0 0
1.000000 0.000000 0.000000 0.000000
36
0 1 2
3 2 1
4 5 6
7 6 5
8 6 7
9 7 5
10 11 12
13 12 11
14 15 16
16 15 17
18 16 17
19 17 15
20 21 22
22 21 23
24 25 26
26 25 27
28 29 30
31 28 30
31 30 32
32 30 33
34 35 36
36 35 37
38 39 40
40 39 41
42 43 44
44 43 45
46 47 48
48 47 49
50 51 52
52 51 53
54 55 56
56 55 57
58 59 60
60 59 61
62 63 64
64 63 65
WraithMesh01
1
1
mtl_weapon_acog_alpha
0
8
-30.984062 -1.628231 6.279225
-1.000000 0.000000 0.000000
255 255 255 255
0.901855 0.168213
0 0 0 0
1.000000 0.000000 0.000000 0.000000
-30.984066 -1.628231 2.696085
-1.000000 0.000000 0.000000
255 255 255 255
0.901855 0.922852
0 0 0 0
1.000000 0.000000 0.000000 0.000000
-30.984062 1.628231 6.279225
-1.000000 0.000000 0.000000
255 255 255 255
0.981934 0.168213
0 0 0 0
1.000000 0.000000 0.000000 0.000000
-30.984066 1.628231 2.696085
-1.000000 0.000000 0.000000
255 255 255 255
0.981934 0.922852
0 0 0 0
1.000000 0.000000 0.000000 0.000000
6.998035 -1.628231 2.696085
1.000000 0.000000 0.000000
255 255 255 255
0.901855 0.922852
0 0 0 0
1.000000 0.000000 0.000000 0.000000
6.998035 -1.628231 6.279225
1.000000 0.000000 0.000000
255 255 255 255
0.901855 0.168213
0 0 0 0
1.000000 0.000000 0.000000 0.000000
6.998035 1.628231 2.696085
1.000000 0.000000 0.000000
255 255 255 255
0.981934 0.922852
0 0 0 0
1.000000 0.000000 0.000000 0.000000
6.998035 1.628231 6.279225
1.000000 0.000000 0.000000
255 255 255 255
0.981934 0.168213
0 0 0 0
1.000000 0.000000 0.000000 0.000000
4
0 1 2
2 1 3
4 5 6
6 5 7
