4
tag_weapon
-1
0.000000 0.000000 0.000000
tag_brass
0
-14.485789 -0.025509 -0.159060
tag_clip
0
-10.086992 -0.025509 -7.334501
tag_flash
0
53.282688 0.000000 -0.148582
2
WraithMesh00
1
1
mtl_weapon_remington700
0
522
53.326042 0.635074 0.798243
0.000000 0.244094 0.968504
255 255 255 255
0.003469 0.924805
0 0 0 0
1.000000 0.000000 0.000000 0.000000
-11.781421 1.100003 0.363840
0.000000 0.614173 0.795276
255 255 255 255
0.665039 0.948242
0 0 0 0
1.000000 0.000000 0.000000 0.000000
53.326042 0.635074 -1.257379
0.000000 0.614173 -0.787402
255 255 255 255
0.003468 0.995117
0 0 0 0
1.000000 0.000000 0.000000 0.000000
-11.781421 0.635074 -1.257379
0.000000 0.614173 -0.787402
255 255 255 255
0.821777 0.995117
0 0 0 0
1.000000 0.000000 0.000000 0.000000
-11.781421 1.100003 0.363840
0.000000 0.614173 0.795276
255 255 255 255
0.665039 0.948242
0 0 0 0
1.000000 0.000000 0.000000 0.000000
-22.124599 -0.149944 -0.822975
-1.000000 0.000000 0.000000
255 255 255 255
0.955566 0.820313
0 0 0 0
1.000000 0.000000 0.000000 0.000000
-22.124599 1.296060 -0.822975
-0.070866 0.984252 -0.173228
255 255 255 255
0.997559 0.820313
0 0 0 0
1.000000 0.000000 0.000000 0.000000
-22.124599 -0.000030 0.957245
-1.000000 0.000000 0.000000
255 255 255 255
0.959961 0.769043
0 0 0 0
1.000000 0.000000 0.000000 0.000000
-22.124599 -0.149944 -0.822975
0.007874 0.000000 1.000000
255 255 255 255
0.491699 0.696289
0 0 0 0
1.000000 0.000000 0.000000 0.000000
-20.886065 -0.149944 -0.822975
-1.000000 0.000000 0.000000
255 255 255 255
0.427979 0.696289
0 0 0 0
1.000000 0.000000 0.000000 0.000000
-20.886065 -1.295098 -0.822975
0.000000 0.000000 1.000000
255 255 255 255
0.427979 0.634766
0 0 0 0
1.000000 0.000000 0.000000 0.000000
-17.077370 1.100003 0.363840
0.000000 0.960630 0.275591
255 255 255 255
0.709961 0.962891
0 0 0 0
1.000000 0.000000 0.000000 0.000000
-17.077372 0.167625 -0.069901
0.000000 0.244094 0.968504
255 255 255 255
0.709961 0.926758
0 0 0 0
1.000000 0.000000 0.000000 0.000000
-17.077370 1.232555 -1.257379
0.047244 0.779528 -0.622047
255 255 255 255
0.911621 0.983887
0 0 0 0
1.000000 0.000000 0.000000 0.000000
-17.077370 1.100003 0.363840
0.000000 0.960630 0.275591
255 255 255 255
0.709961 0.962891
0 0 0 0
1.000000 0.000000 0.000000 0.000000
-17.077370 1.100003 0.363840
0.000000 0.960630 0.275591
255 255 255 255
0.709961 0.962891
0 0 0 0
1.000000 0.000000 0.000000 0.000000
-11.781421 0.635074 -1.257379
0.000000 0.614173 -0.787402
255 255 255 255
0.821777 0.995117
0 0 0 0
1.000000 0.000000 0.000000 0.000000
-11.781421 1.100003 0.363840
0.000000 0.614173 0.795276
255 255 255 255
0.665039 0.948242
0 0 0 0
1.000000 0.000000 0.000000 0.000000
-7.803133 -0.731985 -1.236317
-0.015748 -0.708661 -0.708661
255 255 255 255
0.004368 0.775879
0 0 0 0
1.000000 0.000000 0.000000 0.000000
-24.220997 -0.547596 -1.051928
-0.015748 -0.708661 -0.708661
255 255 255 255
0.375732 0.775879
0 0 0 0
1.000000 0.000000 0.000000 0.000000
-7.803133 -0.731985 0.227653
-0.015748 -0.708661 0.708661
255 255 255 255
0.004368 0.691895
0 0 0 0
1.000000 0.000000 0.000000 0.000000
-24.220997 -0.547596 -1.051928
-0.015748 -0.708661 -0.708661
255 255 255 255
0.375732 0.775879
0 0 0 0
1.000000 0.000000 0.000000 0.000000
-24.220997 -0.547596 0.043264
-0.015748 -0.708661 0.708661
255 255 255 255
0.375732 0.691895
0 0 0 0
1.000000 0.000000 0.000000 0.000000
-20.587652 -3.175152 -3.523356
0.629921 0.314961 -0.708661
255 255 255 255
0.886230 0.901855
0 0 0 0
1.000000 0.000000 0.000000 0.000000
-21.755001 -2.663385 -3.688623
-0.409449 0.456693 -0.787402
255 255 255 255
0.893066 0.875488
0 0 0 0
1.000000 0.000000 0.000000 0.000000
-21.267469 -3.691664 -3.818341
0.251969 -0.692913 -0.677165
255 255 255 255
0.852539 0.878418
0 0 0 0
1.000000 0.000000 0.000000 0.000000
-21.787218 -3.368624 -2.160887
-0.401575 -0.141732 0.905512
255 255 255 255
0.849121 0.920410
0 0 0 0
1.000000 0.000000 0.000000 0.000000
-22.165348 -2.746233 -2.655252
-0.763780 0.559055 0.330709
255 255 255 255
0.868164 0.898926
0 0 0 0
1.000000 0.000000 0.000000 0.000000
-21.091883 -2.613917 -2.374237
0.236220 0.535433 0.811024
255 255 255 255
0.889648 0.928711
0 0 0 0
1.000000 0.000000 0.000000 0.000000
-21.267469 -3.691664 -3.818341
0.251969 -0.692913 -0.677165
255 255 255 255
0.852539 0.878418
0 0 0 0
1.000000 0.000000 0.000000 0.000000
-21.755001 -2.663385 -3.688623
-0.409449 0.456693 -0.787402
255 255 255 255
0.893066 0.875488
0 0 0 0
1.000000 0.000000 0.000000 0.000000
-22.148806 -3.866683 -3.063753
-0.803150 -0.590551 -0.070866
255 255 255 255
0.836426 0.880371
0 0 0 0
1.000000 0.000000 0.000000 0.000000
-30.834146 -1.582646 3.884798
-0.858268 0.496063 0.094488
255 255 255 255
0.989746 0.445313
0 0 0 0
1.000000 0.000000 0.000000 0.000000
-30.476557 -0.984722 3.994020
-0.858268 0.496063 0.094488
255 255 255 255
0.989258 0.445313
0 0 0 0
1.000000 0.000000 0.000000 0.000000
-30.834146 -0.289100 5.756544
-0.858268 0.094488 -0.496063
255 255 255 255
0.989746 0.447021
0 0 0 0
1.000000 0.000000 0.000000 0.000000
-30.476557 0.984722 4.353776
-0.858268 -0.496063 -0.094488
255 255 255 255
0.989258 0.557617
0 0 0 0
1.000000 0.000000 0.000000 0.000000
-30.834152 1.582646 4.462998
-0.858268 -0.496063 -0.094488
255 255 255 255
0.989746 0.557617
0 0 0 0
1.000000 0.000000 0.000000 0.000000
-30.476557 -0.179878 5.158620
-0.858268 0.094488 -0.496063
255 255 255 255
0.989258 0.447021
0 0 0 0
1.000000 0.000000 0.000000 0.000000
-30.834152 0.289100 2.591252
0.015748 0.181102 -0.984252
255 255 255 255
0.989746 0.555664
0 0 0 0
1.000000 0.000000 0.000000 0.000000
-30.834146 -1.582646 3.884798
0.015748 -0.984252 -0.181102
255 255 255 255
0.989746 0.445313
0 0 0 0
1.000000 0.000000 0.000000 0.000000
-6.519987 0.212413 3.011073
-0.062992 0.181102 -0.984252
255 255 255 255
0.568359 0.555664
0 0 0 0
1.000000 0.000000 0.000000 0.000000
-18.805321 0.578957 -4.692198
0.000000 1.000000 0.000000
255 255 255 255
0.712891 0.241943
0 0 0 0
1.000000 0.000000 0.000000 0.000000
-21.706654 0.578957 -4.692198
0.000000 1.000000 0.000000
255 255 255 255
0.759766 0.241943
0 0 0 0
1.000000 0.000000 0.000000 0.000000
-19.890553 0.578957 -5.710984
0.000000 1.000000 0.000000
255 255 255 255
0.730469 0.258301
0 0 0 0
1.000000 0.000000 0.000000 0.000000
-20.399946 0.578957 -5.932459
0.000000 1.000000 0.000000
255 255 255 255
0.738770 0.261719
0 0 0 0
1.000000 0.000000 0.000000 0.000000
-19.979143 0.578957 -7.438494
0.000000 1.000000 0.000000
255 255 255 255
0.731934 0.285889
0 0 0 0
1.000000 0.000000 0.000000 0.000000
-20.399946 0.578957 -7.394199
0.000000 1.000000 0.000000
255 255 255 255
0.738770 0.285156
0 0 0 0
1.000000 0.000000 0.000000 0.000000
-20.931488 0.578957 -8.501578
0.000000 1.000000 0.000000
255 255 255 255
0.747070 0.302979
0 0 0 0
1.000000 0.000000 0.000000 0.000000
-21.020079 0.578957 -8.169364
0.000000 1.000000 0.000000
255 255 255 255
0.748535 0.297607
0 0 0 0
1.000000 0.000000 0.000000 0.000000
-23.412016 0.578957 -8.501578
0.000000 1.000000 0.000000
255 255 255 255
0.787109 0.302979
0 0 0 0
1.000000 0.000000 0.000000 0.000000
-23.279131 0.578957 -8.169364
0.000000 1.000000 0.000000
255 255 255 255
0.784668 0.297607
0 0 0 0
1.000000 0.000000 0.000000 0.000000
-24.940197 0.578957 -7.128428
0.000000 1.000000 0.000000
255 255 255 255
0.811523 0.281006
0 0 0 0
1.000000 0.000000 0.000000 0.000000
-24.408655 0.578957 -6.995543
0.000000 1.000000 0.000000
255 255 255 255
0.802734 0.278809
0 0 0 0
1.000000 0.000000 0.000000 0.000000
-24.940197 0.578957 -4.935819
0.000000 1.000000 0.000000
255 255 255 255
0.811523 0.245850
0 0 0 0
1.000000 0.000000 0.000000 0.000000
-24.386507 0.578957 -4.935819
0.000000 1.000000 0.000000
255 255 255 255
0.802734 0.245850
0 0 0 0
1.000000 0.000000 0.000000 0.000000
-18.805321 -0.578957 -4.692198
0.000000 -1.000000 0.000000
255 255 255 255
0.712891 0.241943
0 0 0 0
1.000000 0.000000 0.000000 0.000000
-19.890553 -0.578957 -5.710984
0.000000 -1.000000 0.000000
255 255 255 255
0.730469 0.258301
0 0 0 0
1.000000 0.000000 0.000000 0.000000
-21.706654 -0.578957 -4.692198
0.000000 -1.000000 0.000000
255 255 255 255
0.759766 0.241943
0 0 0 0
1.000000 0.000000 0.000000 0.000000
-20.399946 -0.578957 -5.932459
0.000000 -1.000000 0.000000
255 255 255 255
0.738770 0.261719
0 0 0 0
1.000000 0.000000 0.000000 0.000000
-19.979143 -0.578957 -7.438494
0.000000 -1.000000 0.000000
255 255 255 255
0.731934 0.285889
0 0 0 0
1.000000 0.000000 0.000000 0.000000
-20.399946 -0.578957 -7.394199
0.000000 -1.000000 0.000000
255 255 255 255
0.738770 0.285156
0 0 0 0
1.000000 0.000000 0.000000 0.000000
-20.931488 -0.578957 -8.501578
0.000000 -1.000000 0.000000
255 255 255 255
0.747070 0.302979
0 0 0 0
1.000000 0.000000 0.000000 0.000000
-21.020079 -0.578957 -8.169364
0.000000 -1.000000 0.000000
255 255 255 255
0.748535 0.297607
0 0 0 0
1.000000 0.000000 0.000000 0.000000
-23.412016 -0.578957 -8.501578
0.000000 -1.000000 0.000000
255 255 255 255
0.787109 0.302979
0 0 0 0
1.000000 0.000000 0.000000 0.000000
-23.279131 -0.578957 -8.169364
0.000000 -1.000000 0.000000
255 255 255 255
0.784668 0.297607
0 0 0 0
1.000000 0.000000 0.000000 0.000000
-24.940197 -0.578957 -7.128428
0.000000 -1.000000 0.000000
255 255 255 255
0.811523 0.281006
0 0 0 0
1.000000 0.000000 0.000000 0.000000
-24.408655 -0.578957 -6.995543
0.000000 -1.000000 0.000000
255 255 255 255
0.802734 0.278809
0 0 0 0
1.000000 0.000000 0.000000 0.000000
-24.940197 -0.578957 -4.935819
0.000000 -1.000000 0.000000
255 255 255 255
0.811523 0.245850
0 0 0 0
1.000000 0.000000 0.000000 0.000000
-24.386507 -0.578957 -4.935819
0.000000 -1.000000 0.000000
255 255 255 255
0.802734 0.245850
0 0 0 0
1.000000 0.000000 0.000000 0.000000
-18.805321 -0.578957 -4.692198
0.685039 0.000000 -0.732283
255 255 255 255
0.545410 0.287109
0 0 0 0
1.000000 0.000000 0.000000 0.000000
-18.805321 0.578957 -4.692198
0.685039 0.000000 -0.732283
255 255 255 255
0.575195 0.287109
0 0 0 0
1.000000 0.000000 0.000000 0.000000
-19.890553 -0.578957 -5.710984
0.905512 0.000000 -0.417323
255 255 255 255
0.545410 0.313721
0 0 0 0
1.000000 0.000000 0.000000 0.000000
-19.890553 0.578957 -5.710984
0.905512 0.000000 -0.417323
255 255 255 255
0.575195 0.313721
0 0 0 0
1.000000 0.000000 0.000000 0.000000
-19.979143 -0.578957 -7.438494
0.921260 0.000000 -0.377953
255 255 255 255
0.545410 0.358887
0 0 0 0
1.000000 0.000000 0.000000 0.000000
-19.979143 0.578957 -7.438494
0.921260 0.000000 -0.377953
255 255 255 255
0.575195 0.358887
0 0 0 0
1.000000 0.000000 0.000000 0.000000
-20.931488 -0.578957 -8.501578
0.409449 0.000000 -0.913386
255 255 255 255
0.545410 0.386475
0 0 0 0
1.000000 0.000000 0.000000 0.000000
-20.931488 0.578957 -8.501578
0.409449 0.000000 -0.913386
255 255 255 255
0.575195 0.386475
0 0 0 0
1.000000 0.000000 0.000000 0.000000
-20.931488 -0.578957 -8.501578
0.409449 0.000000 -0.913386
255 255 255 255
0.545410 0.358643
0 0 0 0
1.000000 0.000000 0.000000 0.000000
-20.931488 0.578957 -8.501578
0.409449 0.000000 -0.913386
255 255 255 255
0.575195 0.358643
0 0 0 0
1.000000 0.000000 0.000000 0.000000
-23.412016 -0.578957 -8.501578
-0.354331 0.000000 -0.937008
255 255 255 255
0.545410 0.293945
0 0 0 0
1.000000 0.000000 0.000000 0.000000
-23.412016 0.578957 -8.501578
-0.354331 0.000000 -0.937008
255 255 255 255
0.575195 0.293945
0 0 0 0
1.000000 0.000000 0.000000 0.000000
-23.412016 -0.578957 -8.501578
-0.354331 0.000000 -0.937008
255 255 255 255
0.545410 0.386475
0 0 0 0
1.000000 0.000000 0.000000 0.000000
-23.412016 0.578957 -8.501578
-0.354331 0.000000 -0.937008
255 255 255 255
0.575195 0.386475
0 0 0 0
1.000000 0.000000 0.000000 0.000000
-24.940197 -0.578957 -7.128428
-0.913386 0.000000 -0.409449
255 255 255 255
0.545410 0.350830
0 0 0 0
1.000000 0.000000 0.000000 0.000000
-24.940197 0.578957 -7.128428
-0.913386 0.000000 -0.409449
255 255 255 255
0.575195 0.350830
0 0 0 0
1.000000 0.000000 0.000000 0.000000
-24.940197 -0.578957 -4.935819
-1.000000 0.000000 0.000000
255 255 255 255
0.545410 0.293457
0 0 0 0
1.000000 0.000000 0.000000 0.000000
-24.940197 0.578957 -4.935819
-1.000000 0.000000 0.000000
255 255 255 255
0.575195 0.293457
0 0 0 0
1.000000 0.000000 0.000000 0.000000
-24.386507 -0.578957 -4.935819
1.000000 0.000000 -0.007874
255 255 255 255
0.545410 0.293457
0 0 0 0
1.000000 0.000000 0.000000 0.000000
-24.386507 0.578957 -4.935819
1.000000 0.000000 -0.007874
255 255 255 255
0.575195 0.293457
0 0 0 0
1.000000 0.000000 0.000000 0.000000
-24.408655 -0.578957 -6.995543
0.929134 0.000000 0.370079
255 255 255 255
0.545410 0.347168
0 0 0 0
1.000000 0.000000 0.000000 0.000000
-24.408655 0.578957 -6.995543
0.929134 0.000000 0.370079
255 255 255 255
0.575195 0.347168
0 0 0 0
1.000000 0.000000 0.000000 0.000000
-23.279131 -0.578957 -8.169364
0.393701 0.000000 0.921260
255 255 255 255
0.545410 0.377930
0 0 0 0
1.000000 0.000000 0.000000 0.000000
-23.279131 0.578957 -8.169364
0.393701 0.000000 0.921260
255 255 255 255
0.575195 0.377930
0 0 0 0
1.000000 0.000000 0.000000 0.000000
-23.279131 -0.578957 -8.169364
0.393701 0.000000 0.921260
255 255 255 255
0.545410 0.297363
0 0 0 0
1.000000 0.000000 0.000000 0.000000
-23.279131 0.578957 -8.169364
0.393701 0.000000 0.921260
255 255 255 255
0.575195 0.297363
0 0 0 0
1.000000 0.000000 0.000000 0.000000
-21.020079 -0.578957 -8.169364
-0.433071 0.000000 0.897638
255 255 255 255
0.545410 0.356445
0 0 0 0
1.000000 0.000000 0.000000 0.000000
-21.020079 0.578957 -8.169364
-0.433071 0.000000 0.897638
255 255 255 255
0.575195 0.356445
0 0 0 0
1.000000 0.000000 0.000000 0.000000
-21.020079 -0.578957 -8.169364
-0.433071 0.000000 0.897638
255 255 255 255
0.545410 0.377930
0 0 0 0
1.000000 0.000000 0.000000 0.000000
-21.020079 0.578957 -8.169364
-0.433071 0.000000 0.897638
255 255 255 255
0.575195 0.377930
0 0 0 0
1.000000 0.000000 0.000000 0.000000
-20.399946 -0.578957 -7.394199
-0.944882 0.000000 0.330709
255 255 255 255
0.545410 0.357666
0 0 0 0
1.000000 0.000000 0.000000 0.000000
-20.399946 0.578957 -7.394199
-0.944882 0.000000 0.330709
255 255 255 255
0.575195 0.357666
0 0 0 0
1.000000 0.000000 0.000000 0.000000
-20.399946 -0.578957 -5.932459
-0.921260 0.000000 -0.393701
255 255 255 255
0.545410 0.319580
0 0 0 0
1.000000 0.000000 0.000000 0.000000
-20.399946 0.578957 -5.932459
-0.921260 0.000000 -0.393701
255 255 255 255
0.575195 0.319580
0 0 0 0
1.000000 0.000000 0.000000 0.000000
-21.706654 -0.578957 -4.692198
-0.685039 0.000000 -0.724409
255 255 255 255
0.545410 0.287109
0 0 0 0
1.000000 0.000000 0.000000 0.000000
-21.706654 0.578957 -4.692198
-0.685039 0.000000 -0.724409
255 255 255 255
0.575195 0.287109
0 0 0 0
1.000000 0.000000 0.000000 0.000000
-11.781421 -0.635137 -1.257381
0.000000 -0.244094 -0.968504
255 255 255 255
0.821777 0.822754
0 0 0 0
1.000000 0.000000 0.000000 0.000000
53.326042 -0.635137 -1.257379
0.000000 -0.244094 -0.968504
255 255 255 255
0.003468 0.822754
0 0 0 0
1.000000 0.000000 0.000000 0.000000
-11.781421 0.635074 -1.257379
0.000000 0.614173 -0.787402
255 255 255 255
0.821777 0.868652
0 0 0 0
1.000000 0.000000 0.000000 0.000000
53.326042 0.635074 -1.257379
0.000000 0.614173 -0.787402
255 255 255 255
0.003468 0.868652
0 0 0 0
1.000000 0.000000 0.000000 0.000000
-11.781421 -1.270241 0.174833
0.000000 -0.992126 -0.133858
255 255 255 255
0.821777 0.858887
0 0 0 0
1.000000 0.000000 0.000000 0.000000
-11.781421 0.635074 0.798243
0.000000 0.244094 0.968504
255 255 255 255
0.821777 0.924805
0 0 0 0
1.000000 0.000000 0.000000 0.000000
53.326042 -1.270241 0.174833
0.000000 -0.992126 -0.133858
255 255 255 255
0.003468 0.858887
0 0 0 0
1.000000 0.000000 0.000000 0.000000
53.326042 0.635074 0.798243
0.000000 0.244094 0.968504
255 255 255 255
0.003469 0.924805
0 0 0 0
1.000000 0.000000 0.000000 0.000000
53.326042 0.635074 0.798243
0.000000 0.244094 0.968504
255 255 255 255
0.155029 0.472412
0 0 0 0
1.000000 0.000000 0.000000 0.000000
53.326042 0.635074 -1.257379
0.000000 0.614173 -0.787402
255 255 255 255
0.155029 0.513184
0 0 0 0
1.000000 0.000000 0.000000 0.000000
53.326042 -1.270241 0.174833
0.000000 -0.992126 -0.133858
255 255 255 255
0.120178 0.492676
0 0 0 0
1.000000 0.000000 0.000000 0.000000
53.326042 -0.635137 -1.257379
0.000000 -0.244094 -0.968504
255 255 255 255
0.131836 0.513184
0 0 0 0
1.000000 0.000000 0.000000 0.000000
-11.781421 -0.635137 -1.257381
0.000000 -0.244094 -0.968504
255 255 255 255
0.821777 0.821777
0 0 0 0
1.000000 0.000000 0.000000 0.000000
53.326042 -1.270241 0.174833
0.000000 -0.992126 -0.133858
255 255 255 255
0.003468 0.858887
0 0 0 0
1.000000 0.000000 0.000000 0.000000
53.326042 -0.635137 -1.257379
0.000000 -0.244094 -0.968504
255 255 255 255
0.003468 0.821777
0 0 0 0
1.000000 0.000000 0.000000 0.000000
-11.781421 -1.270241 0.174833
0.000000 -0.992126 -0.133858
255 255 255 255
0.821777 0.858887
0 0 0 0
1.000000 0.000000 0.000000 0.000000
-17.077370 -1.232616 -1.257381
0.047244 -0.779528 -0.622047
255 255 255 255
0.911621 0.833008
0 0 0 0
1.000000 0.000000 0.000000 0.000000
-17.077370 -1.270241 -0.229570
0.000000 -1.000000 0.015748
255 255 255 255
0.911621 0.858887
0 0 0 0
1.000000 0.000000 0.000000 0.000000
-20.886065 -1.295098 -0.822975
0.007874 -1.000000 -0.007874
255 255 255 255
0.976074 0.843262
0 0 0 0
1.000000 0.000000 0.000000 0.000000
-20.886065 -1.270241 -0.229570
0.007874 -0.960630 0.267717
255 255 255 255
0.976074 0.858887
0 0 0 0
1.000000 0.000000 0.000000 0.000000
-20.886065 -0.635137 0.798243
0.000000 -0.590551 0.811024
255 255 255 255
0.976074 0.891602
0 0 0 0
1.000000 0.000000 0.000000 0.000000
-17.077370 -0.635137 0.798243
0.000000 -0.244094 0.968504
255 255 255 255
0.911621 0.891602
0 0 0 0
1.000000 0.000000 0.000000 0.000000
-20.886065 -0.000030 0.957245
-0.023622 0.393701 0.921260
255 255 255 255
0.976074 0.908203
0 0 0 0
1.000000 0.000000 0.000000 0.000000
-17.077370 -0.000030 0.957245
0.000000 0.244094 0.968504
255 255 255 255
0.911621 0.908203
0 0 0 0
1.000000 0.000000 0.000000 0.000000
-17.077370 1.100003 0.363840
0.000000 0.960630 0.275591
255 255 255 255
0.911621 0.941406
0 0 0 0
1.000000 0.000000 0.000000 0.000000
-22.124599 1.296060 -0.822975
-0.070866 0.984252 -0.173228
255 255 255 255
0.996582 0.973633
0 0 0 0
1.000000 0.000000 0.000000 0.000000
-22.124599 1.285245 -1.257379
-0.070866 0.984252 -0.173228
255 255 255 255
0.996582 0.982910
0 0 0 0
1.000000 0.000000 0.000000 0.000000
-22.124599 -0.000030 0.957245
-1.000000 0.000000 0.000000
255 255 255 255
0.996582 0.908203
0 0 0 0
1.000000 0.000000 0.000000 0.000000
-11.781421 -1.270241 0.174833
0.000000 -0.992126 -0.133858
255 255 255 255
0.923340 0.803223
0 0 0 0
1.000000 0.000000 0.000000 0.000000
-11.781421 -0.234820 -0.240266
0.000000 -0.685039 0.732283
255 255 255 255
0.953125 0.803223
0 0 0 0
1.000000 0.000000 0.000000 0.000000
-11.781421 0.635074 0.798243
0.000000 0.244094 0.968504
255 255 255 255
0.978516 0.773438
0 0 0 0
1.000000 0.000000 0.000000 0.000000
-11.781421 1.100003 0.363840
0.000000 0.614173 0.795276
255 255 255 255
0.986816 0.786133
0 0 0 0
1.000000 0.000000 0.000000 0.000000
-11.781421 -0.234820 -0.240266
0.000000 -0.685039 0.732283
255 255 255 255
0.508301 0.907227
0 0 0 0
1.000000 0.000000 0.000000 0.000000
-17.077370 -0.234820 -0.240266
0.000000 -0.685039 0.732283
255 255 255 255
0.709961 0.907227
0 0 0 0
1.000000 0.000000 0.000000 0.000000
-17.077370 -1.270241 -0.229570
0.000000 -1.000000 0.015748
255 255 255 255
0.709961 0.857910
0 0 0 0
1.000000 0.000000 0.000000 0.000000
-11.781421 -1.270241 0.174833
0.000000 -0.992126 -0.133858
255 255 255 255
0.508301 0.857910
0 0 0 0
1.000000 0.000000 0.000000 0.000000
-17.077370 -0.234820 -0.240266
0.000000 -0.685039 0.732283
255 255 255 255
0.953125 0.803223
0 0 0 0
1.000000 0.000000 0.000000 0.000000
-17.077370 -1.270241 -0.229570
0.000000 -1.000000 0.015748
255 255 255 255
0.923340 0.803223
0 0 0 0
1.000000 0.000000 0.000000 0.000000
-17.077370 -0.635137 0.798243
0.000000 -0.244094 0.968504
255 255 255 255
0.941895 0.773438
0 0 0 0
1.000000 0.000000 0.000000 0.000000
-17.077372 0.167625 -0.069901
0.000000 0.244094 0.968504
255 255 255 255
0.964844 0.798340
0 0 0 0
1.000000 0.000000 0.000000 0.000000
-17.077370 -0.000030 0.957245
0.000000 0.244094 0.968504
255 255 255 255
0.959961 0.769043
0 0 0 0
1.000000 0.000000 0.000000 0.000000
-17.077370 1.100003 0.363840
0.000000 0.960630 0.275591
255 255 255 255
0.986816 0.786133
0 0 0 0
1.000000 0.000000 0.000000 0.000000
-20.886065 -0.149944 -0.822975
0.000000 -1.000000 0.086614
255 255 255 255
0.977539 0.900391
0 0 0 0
1.000000 0.000000 0.000000 0.000000
-22.124599 -0.149944 -0.822975
0.000000 -1.000000 0.086614
255 255 255 255
0.997559 0.900391
0 0 0 0
1.000000 0.000000 0.000000 0.000000
-20.886065 -0.000030 0.957245
0.000000 -1.000000 0.086614
255 255 255 255
0.977539 0.857422
0 0 0 0
1.000000 0.000000 0.000000 0.000000
-22.124599 -0.000030 0.957245
-1.000000 0.000000 0.000000
255 255 255 255
0.997559 0.857422
0 0 0 0
1.000000 0.000000 0.000000 0.000000
-20.886065 -0.635137 0.798243
-1.000000 0.000000 0.000000
255 255 255 255
0.941895 0.773438
0 0 0 0
1.000000 0.000000 0.000000 0.000000
-20.886065 -0.149944 -0.822975
-1.000000 0.000000 0.000000
255 255 255 255
0.955566 0.820313
0 0 0 0
1.000000 0.000000 0.000000 0.000000
-20.886065 -0.000030 0.957245
-1.000000 0.000000 0.000000
255 255 255 255
0.959961 0.769043
0 0 0 0
1.000000 0.000000 0.000000 0.000000
-20.886065 -1.270241 -0.229570
-1.000000 0.000000 0.000000
255 255 255 255
0.923340 0.803223
0 0 0 0
1.000000 0.000000 0.000000 0.000000
-20.886065 -1.295098 -0.822975
-1.000000 0.000000 0.000000
255 255 255 255
0.922852 0.820313
0 0 0 0
1.000000 0.000000 0.000000 0.000000
-21.974768 1.508310 0.691413
0.000000 1.000000 0.000000
255 255 255 255
0.283936 0.581055
0 0 0 0
1.000000 0.000000 0.000000 0.000000
-21.974768 1.508310 -1.102472
0.000000 1.000000 0.000000
255 255 255 255
0.283936 0.646484
0 0 0 0
1.000000 0.000000 0.000000 0.000000
-16.892872 1.508310 0.691413
0.000000 1.000000 0.000000
255 255 255 255
0.064453 0.579102
0 0 0 0
1.000000 0.000000 0.000000 0.000000
-16.892872 1.508310 -1.102472
0.000000 1.000000 0.000000
255 255 255 255
0.064453 0.646484
0 0 0 0
1.000000 0.000000 0.000000 0.000000
-19.454920 0.645013 1.431285
0.000000 0.000000 1.000000
255 255 255 255
0.867676 0.344971
0 0 0 0
1.000000 0.000000 0.000000 0.000000
-8.190055 0.645013 1.431285
0.000000 0.000000 1.000000
255 255 255 255
0.580566 0.344971
0 0 0 0
1.000000 0.000000 0.000000 0.000000
-19.454920 -0.645013 1.431285
0.000000 0.000000 1.000000
255 255 255 255
0.867676 0.309326
0 0 0 0
1.000000 0.000000 0.000000 0.000000
-8.190055 -0.645013 1.431285
0.000000 0.000000 1.000000
255 255 255 255
0.580566 0.309326
0 0 0 0
1.000000 0.000000 0.000000 0.000000
-8.190055 -0.716671 0.609918
1.000000 0.000000 0.000000
255 255 255 255
0.588867 0.304443
0 0 0 0
1.000000 0.000000 0.000000 0.000000
-8.190055 -0.645013 1.431285
1.000000 0.000000 0.000000
255 255 255 255
0.594238 0.241577
0 0 0 0
1.000000 0.000000 0.000000 0.000000
-8.190055 0.716671 0.609918
1.000000 0.000000 0.000000
255 255 255 255
0.698730 0.304443
0 0 0 0
1.000000 0.000000 0.000000 0.000000
-8.190055 0.645013 1.431285
1.000000 0.000000 0.000000
255 255 255 255
0.693359 0.241577
0 0 0 0
1.000000 0.000000 0.000000 0.000000
-19.454920 0.716671 0.609918
0.000000 1.000000 0.086614
255 255 255 255
0.867676 0.386475
0 0 0 0
1.000000 0.000000 0.000000 0.000000
-17.141779 0.716671 0.609918
0.000000 1.000000 0.086614
255 255 255 255
0.808594 0.386475
0 0 0 0
1.000000 0.000000 0.000000 0.000000
-19.454920 0.645013 1.431285
0.000000 1.000000 0.086614
255 255 255 255
0.867676 0.354980
0 0 0 0
1.000000 0.000000 0.000000 0.000000
-8.190055 0.645013 1.431285
0.000000 1.000000 0.086614
255 255 255 255
0.580566 0.354980
0 0 0 0
1.000000 0.000000 0.000000 0.000000
-11.640022 0.716671 0.609918
0.000000 1.000000 0.086614
255 255 255 255
0.668457 0.386475
0 0 0 0
1.000000 0.000000 0.000000 0.000000
-8.190055 0.716671 0.609918
0.000000 1.000000 0.086614
255 255 255 255
0.580566 0.386475
0 0 0 0
1.000000 0.000000 0.000000 0.000000
-8.190055 -0.716671 0.609918
0.000000 -1.000000 0.086614
255 255 255 255
0.580566 0.386475
0 0 0 0
1.000000 0.000000 0.000000 0.000000
-11.640022 -0.716671 0.609918
0.000000 -1.000000 0.086614
255 255 255 255
0.668457 0.386475
0 0 0 0
1.000000 0.000000 0.000000 0.000000
-8.190055 -0.645013 1.431285
0.000000 -1.000000 0.086614
255 255 255 255
0.580566 0.354980
0 0 0 0
1.000000 0.000000 0.000000 0.000000
-19.454920 -0.645013 1.431285
0.000000 -1.000000 0.086614
255 255 255 255
0.867676 0.354980
0 0 0 0
1.000000 0.000000 0.000000 0.000000
-17.141779 -0.716671 0.609918
0.000000 -1.000000 0.086614
255 255 255 255
0.808594 0.386475
0 0 0 0
1.000000 0.000000 0.000000 0.000000
-19.454920 -0.716671 0.609918
0.000000 -1.000000 0.086614
255 255 255 255
0.867676 0.386475
0 0 0 0
1.000000 0.000000 0.000000 0.000000
-19.454920 0.716671 0.609918
-1.000000 0.000000 0.000000
255 255 255 255
0.698730 0.304443
0 0 0 0
1.000000 0.000000 0.000000 0.000000
-19.454920 0.645013 1.431285
-1.000000 0.000000 0.000000
255 255 255 255
0.693359 0.241577
0 0 0 0
1.000000 0.000000 0.000000 0.000000
-19.454920 -0.716671 0.609918
-1.000000 0.000000 0.000000
255 255 255 255
0.588867 0.304443
0 0 0 0
1.000000 0.000000 0.000000 0.000000
-19.454920 -0.645013 1.431285
-1.000000 0.000000 0.000000
255 255 255 255
0.594238 0.241577
0 0 0 0
1.000000 0.000000 0.000000 0.000000
-24.220997 0.547596 -1.051928
-0.015748 0.708661 -0.708661
255 255 255 255
0.375732 0.776855
0 0 0 0
1.000000 0.000000 0.000000 0.000000
-7.803133 0.731985 -1.236317
-0.015748 0.708661 -0.708661
255 255 255 255
0.004372 0.776855
0 0 0 0
1.000000 0.000000 0.000000 0.000000
-24.220997 0.547596 0.043264
-0.015748 0.708661 0.708661
255 255 255 255
0.375732 0.692383
0 0 0 0
1.000000 0.000000 0.000000 0.000000
-7.803133 0.731985 0.227653
-0.015748 0.708661 0.708661
255 255 255 255
0.004368 0.692383
0 0 0 0
1.000000 0.000000 0.000000 0.000000
-7.803133 -0.731985 0.227653
-0.015748 -0.708661 0.708661
255 255 255 255
0.004368 0.691895
0 0 0 0
1.000000 0.000000 0.000000 0.000000
-20.982887 -0.894497 -0.084188
1.000000 0.000000 0.000000
255 255 255 255
0.959961 0.147217
0 0 0 0
1.000000 0.000000 0.000000 0.000000
-20.982887 -0.570111 -1.091039
1.000000 0.000000 0.000000
255 255 255 255
0.920410 0.188599
0 0 0 0
1.000000 0.000000 0.000000 0.000000
-20.982887 -3.202732 -2.540500
1.000000 0.000000 0.000000
255 255 255 255
0.784180 0.100586
0 0 0 0
1.000000 0.000000 0.000000 0.000000
-20.982887 -2.821884 -3.005341
1.000000 0.000000 0.000000
255 255 255 255
0.771484 0.130615
0 0 0 0
1.000000 0.000000 0.000000 0.000000
-21.725206 -3.202732 -2.540500
0.000000 -0.732283 0.685039
255 255 255 255
0.279541 0.369385
0 0 0 0
1.000000 0.000000 0.000000 0.000000
-21.725204 -0.894497 -0.084188
0.000000 -0.732283 0.685039
255 255 255 255
0.279541 0.521484
0 0 0 0
1.000000 0.000000 0.000000 0.000000
-20.982887 -3.202732 -2.540500
0.000000 -0.732283 0.685039
255 255 255 255
0.230835 0.369385
0 0 0 0
1.000000 0.000000 0.000000 0.000000
-20.982887 -0.894497 -0.084188
0.000000 -0.732283 0.685039
255 255 255 255
0.230835 0.521484
0 0 0 0
1.000000 0.000000 0.000000 0.000000
-20.982887 -0.570111 -1.091039
0.000000 0.645669 -0.763780
255 255 255 255
0.230835 0.542480
0 0 0 0
1.000000 0.000000 0.000000 0.000000
-21.725204 -0.570111 -1.091039
0.000000 0.645669 -0.763780
255 255 255 255
0.279541 0.542480
0 0 0 0
1.000000 0.000000 0.000000 0.000000
-20.982887 -2.821884 -3.005341
0.000000 0.645669 -0.763780
255 255 255 255
0.230835 0.394531
0 0 0 0
1.000000 0.000000 0.000000 0.000000
-21.725206 -2.821884 -3.005341
0.000000 0.645669 -0.763780
255 255 255 255
0.279541 0.394531
0 0 0 0
1.000000 0.000000 0.000000 0.000000
-21.725204 -0.894497 -0.084188
-1.000000 0.000000 0.000000
255 255 255 255
0.959961 0.147217
0 0 0 0
1.000000 0.000000 0.000000 0.000000
-21.725206 -3.202732 -2.540500
-1.000000 0.000000 0.000000
255 255 255 255
0.784180 0.100586
0 0 0 0
1.000000 0.000000 0.000000 0.000000
-21.725204 -0.570111 -1.091039
-1.000000 0.000000 0.000000
255 255 255 255
0.920410 0.188599
0 0 0 0
1.000000 0.000000 0.000000 0.000000
-21.725206 -2.821884 -3.005341
-1.000000 0.000000 0.000000
255 255 255 255
0.771484 0.130615
0 0 0 0
1.000000 0.000000 0.000000 0.000000
-20.587652 -3.175152 -3.523356
0.629921 0.314961 -0.708661
255 255 255 255
0.886230 0.901855
0 0 0 0
1.000000 0.000000 0.000000 0.000000
-20.273592 -3.267517 -2.834421
1.000000 0.000000 0.062992
255 255 255 255
0.872559 0.925293
0 0 0 0
1.000000 0.000000 0.000000 0.000000
-21.391279 -2.298964 -3.081526
0.228346 0.968504 -0.118110
255 255 255 255
0.905273 0.904297
0 0 0 0
1.000000 0.000000 0.000000 0.000000
-20.273592 -3.267517 -2.834421
1.000000 0.000000 0.062992
255 255 255 255
0.872559 0.925293
0 0 0 0
1.000000 0.000000 0.000000 0.000000
-21.097822 -3.867292 -2.375101
0.291339 -0.740157 0.606299
255 255 255 255
0.835938 0.918457
0 0 0 0
1.000000 0.000000 0.000000 0.000000
-22.148806 -3.866683 -3.063753
-0.803150 -0.590551 -0.070866
255 255 255 255
0.836426 0.880371
0 0 0 0
1.000000 0.000000 0.000000 0.000000
-20.273592 -3.267517 -2.834421
1.000000 0.000000 0.062992
255 255 255 255
0.872559 0.925293
0 0 0 0
1.000000 0.000000 0.000000 0.000000
-21.097822 -3.867292 -2.375101
0.291339 -0.740157 0.606299
255 255 255 255
0.835938 0.918457
0 0 0 0
1.000000 0.000000 0.000000 0.000000
-21.091883 -2.613917 -2.374237
0.236220 0.535433 0.811024
255 255 255 255
0.889648 0.928711
0 0 0 0
1.000000 0.000000 0.000000 0.000000
-21.787218 -3.368624 -2.160887
-0.401575 -0.141732 0.905512
255 255 255 255
0.849121 0.920410
0 0 0 0
1.000000 0.000000 0.000000 0.000000
-22.148806 -3.866683 -3.063753
-0.803150 -0.590551 -0.070866
255 255 255 255
0.836426 0.880371
0 0 0 0
1.000000 0.000000 0.000000 0.000000
-21.091883 -2.613917 -2.374237
0.236220 0.535433 0.811024
255 255 255 255
0.889648 0.928711
0 0 0 0
1.000000 0.000000 0.000000 0.000000
-21.391279 -2.298964 -3.081526
0.228346 0.968504 -0.118110
255 255 255 255
0.905273 0.904297
0 0 0 0
1.000000 0.000000 0.000000 0.000000
-21.755001 -2.663385 -3.688623
-0.409449 0.456693 -0.787402
255 255 255 255
0.893066 0.875488
0 0 0 0
1.000000 0.000000 0.000000 0.000000
-31.906527 -1.339418 -2.226843
0.346457 -0.803150 0.488189
255 255 255 255
0.005466 0.218628
0 0 0 0
1.000000 0.000000 0.000000 0.000000
-33.323982 -1.476593 -8.521257
0.102362 -0.992126 0.015748
255 255 255 255
0.040771 0.314941
0 0 0 0
1.000000 0.000000 0.000000 0.000000
-55.277702 -1.732664 -2.356861
0.015748 -1.000000 0.007874
255 255 255 255
0.381104 0.220825
0 0 0 0
1.000000 0.000000 0.000000 0.000000
-55.485748 -1.732664 -2.795557
0.015748 -1.000000 0.007874
255 255 255 255
0.385254 0.228149
0 0 0 0
1.000000 0.000000 0.000000 0.000000
-54.338219 -1.732664 -12.588667
0.015748 -1.000000 0.007874
255 255 255 255
0.362061 0.378906
0 0 0 0
1.000000 0.000000 0.000000 0.000000
-24.870100 -1.732664 -4.833993
0.000000 -1.000000 0.015748
255 255 255 255
0.772949 0.235596
0 0 0 0
1.000000 0.000000 0.000000 0.000000
-23.628775 -1.672788 -1.057666
0.000000 -1.000000 0.015748
255 255 255 255
0.741211 0.127441
0 0 0 0
1.000000 0.000000 0.000000 0.000000
21.359123 -1.732664 -3.532116
0.000000 -1.000000 0.015748
255 255 255 255
0.018524 0.198242
0 0 0 0
1.000000 0.000000 0.000000 0.000000
21.665079 -1.702725 -0.662115
0.000000 -1.000000 0.015748
255 255 255 255
0.009758 0.116089
0 0 0 0
1.000000 0.000000 0.000000 0.000000
-31.906527 1.339418 -2.226843
0.346457 0.803150 0.488189
255 255 255 255
0.005466 0.218628
0 0 0 0
1.000000 0.000000 0.000000 0.000000
-55.277702 1.732664 -2.356861
0.015748 1.000000 0.007874
255 255 255 255
0.381104 0.220825
0 0 0 0
1.000000 0.000000 0.000000 0.000000
-33.323982 1.476593 -8.521257
0.102362 0.992126 0.015748
255 255 255 255
0.040771 0.314941
0 0 0 0
1.000000 0.000000 0.000000 0.000000
-55.485748 1.732664 -2.795557
0.015748 1.000000 0.007874
255 255 255 255
0.385254 0.228149
0 0 0 0
1.000000 0.000000 0.000000 0.000000
-54.338219 1.732664 -12.588667
0.015748 1.000000 0.007874
255 255 255 255
0.362061 0.378906
0 0 0 0
1.000000 0.000000 0.000000 0.000000
-31.906527 -1.339418 -2.226843
0.346457 -0.803150 0.488189
255 255 255 255
0.995117 0.632324
0 0 0 0
1.000000 0.000000 0.000000 0.000000
-31.906527 0.000000 -1.846217
0.456693 0.000000 0.889764
255 255 255 255
0.995117 0.704102
0 0 0 0
1.000000 0.000000 0.000000 0.000000
-31.154325 -1.085896 -3.192828
0.417323 -0.771654 0.480315
255 255 255 255
0.956055 0.645996
0 0 0 0
1.000000 0.000000 0.000000 0.000000
-31.154325 0.000000 -2.812202
0.574803 0.000000 0.818898
255 255 255 255
0.956055 0.704102
0 0 0 0
1.000000 0.000000 0.000000 0.000000
-30.230919 -0.997092 -3.445670
-0.039370 -0.787402 0.614173
255 255 255 255
0.908691 0.652344
0 0 0 0
1.000000 0.000000 0.000000 0.000000
-30.221987 0.000000 -3.068744
-0.039370 0.000000 1.000000
255 255 255 255
0.908203 0.704102
0 0 0 0
1.000000 0.000000 0.000000 0.000000
-26.822351 -1.374767 -2.132180
-0.267717 -0.732283 0.629921
255 255 255 255
0.733398 0.633301
0 0 0 0
1.000000 0.000000 0.000000 0.000000
-26.822351 0.000000 -1.973961
-0.330709 0.000000 0.944882
255 255 255 255
0.733398 0.704102
0 0 0 0
1.000000 0.000000 0.000000 0.000000
-23.628775 -1.672788 -1.057666
-0.196850 -0.488189 0.850394
255 255 255 255
0.568848 0.618164
0 0 0 0
1.000000 0.000000 0.000000 0.000000
-23.628775 0.000000 -0.926468
-0.165354 0.000000 0.984252
255 255 255 255
0.568848 0.704102
0 0 0 0
1.000000 0.000000 0.000000 0.000000
-31.154325 1.085896 -3.192828
0.417323 0.771654 0.480315
255 255 255 255
0.956055 0.762207
0 0 0 0
1.000000 0.000000 0.000000 0.000000
-30.230919 0.995218 -3.459891
-0.039370 0.787402 0.614173
255 255 255 255
0.908691 0.755859
0 0 0 0
1.000000 0.000000 0.000000 0.000000
-26.822351 1.374767 -2.132180
-0.267717 0.732283 0.629921
255 255 255 255
0.733398 0.774902
0 0 0 0
1.000000 0.000000 0.000000 0.000000
-23.628775 1.672788 -1.057666
-0.157480 0.724409 0.669291
255 255 255 255
0.568848 0.790527
0 0 0 0
1.000000 0.000000 0.000000 0.000000
-31.906527 1.339418 -2.226843
0.346457 0.803150 0.488189
255 255 255 255
0.995117 0.775879
0 0 0 0
1.000000 0.000000 0.000000 0.000000
-31.906527 -1.339418 -2.226843
0.346457 -0.803150 0.488189
255 255 255 255
0.731445 0.016830
0 0 0 0
1.000000 0.000000 0.000000 0.000000
-55.277702 -1.732664 -2.356861
0.007874 -0.338583 0.944882
255 255 255 255
0.994629 0.005535
0 0 0 0
1.000000 0.000000 0.000000 0.000000
-31.906527 0.000000 -1.846217
0.456693 0.000000 0.889764
255 255 255 255
0.731445 0.055298
0 0 0 0
1.000000 0.000000 0.000000 0.000000
-55.309067 0.000000 -1.641828
0.007874 0.000000 1.000000
255 255 255 255
0.995117 0.055298
0 0 0 0
1.000000 0.000000 0.000000 0.000000
-55.277702 1.732664 -2.356861
0.007874 0.338583 0.944882
255 255 255 255
0.994629 0.105042
0 0 0 0
1.000000 0.000000 0.000000 0.000000
-31.906527 1.339418 -2.226843
0.346457 0.803150 0.488189
255 255 255 255
0.731445 0.093750
0 0 0 0
1.000000 0.000000 0.000000 0.000000
-54.338219 -1.732664 -12.588667
-0.519685 -0.377953 -0.771654
255 255 255 255
0.979492 0.005535
0 0 0 0
1.000000 0.000000 0.000000 0.000000
-33.323982 -1.476593 -8.521257
0.181102 -0.346457 -0.921260
255 255 255 255
0.754395 0.012886
0 0 0 0
1.000000 0.000000 0.000000 0.000000
-54.338219 0.000000 -13.240903
-0.157480 0.000000 -0.984252
255 255 255 255
0.979492 0.055298
0 0 0 0
1.000000 0.000000 0.000000 0.000000
-33.413898 0.000000 -9.102024
-0.118110 0.000000 -0.992126
255 255 255 255
0.755859 0.055298
0 0 0 0
1.000000 0.000000 0.000000 0.000000
-33.323982 1.476593 -8.521257
-0.110236 0.362205 -0.921260
255 255 255 255
0.754395 0.097656
0 0 0 0
1.000000 0.000000 0.000000 0.000000
-54.338219 1.732664 -12.588667
-0.519685 0.377953 -0.771654
255 255 255 255
0.979492 0.105042
0 0 0 0
1.000000 0.000000 0.000000 0.000000
-29.888189 0.000000 -10.737137
0.346457 0.000000 -0.937008
255 255 255 255
0.698730 0.055298
0 0 0 0
1.000000 0.000000 0.000000 0.000000
-30.051716 1.663050 -9.987654
0.141732 0.905512 -0.393701
255 255 255 255
0.701660 0.103027
0 0 0 0
1.000000 0.000000 0.000000 0.000000
-27.918903 1.299527 -5.906915
0.330709 0.842520 -0.417323
255 255 255 255
0.666992 0.092590
0 0 0 0
1.000000 0.000000 0.000000 0.000000
-27.665457 0.000000 -6.240580
0.661417 0.000000 -0.748031
255 255 255 255
0.663086 0.055298
0 0 0 0
1.000000 0.000000 0.000000 0.000000
-24.870100 1.732664 -4.833993
0.070866 0.787402 -0.606299
255 255 255 255
0.617676 0.105042
0 0 0 0
1.000000 0.000000 0.000000 0.000000
-24.870100 0.000000 -5.167658
0.181102 0.000000 -0.984252
255 255 255 255
0.617676 0.055298
0 0 0 0
1.000000 0.000000 0.000000 0.000000
21.359123 1.732664 -3.532116
0.685039 0.133858 -0.716535
255 255 255 255
0.005882 0.105042
0 0 0 0
1.000000 0.000000 0.000000 0.000000
-33.323982 -1.476593 -8.521257
-0.393701 -0.346457 -0.850394
255 255 255 255
0.754395 0.012886
0 0 0 0
1.000000 0.000000 0.000000 0.000000
-30.051716 -1.663050 -9.987654
0.141732 -0.905512 -0.393701
255 255 255 255
0.701660 0.007534
0 0 0 0
1.000000 0.000000 0.000000 0.000000
-27.918903 -1.299527 -5.906915
0.330709 -0.842520 -0.417323
255 255 255 255
0.666992 0.017975
0 0 0 0
1.000000 0.000000 0.000000 0.000000
-24.870100 -1.732664 -4.833993
0.173228 -0.212598 -0.960630
255 255 255 255
0.617676 0.005535
0 0 0 0
1.000000 0.000000 0.000000 0.000000
21.359123 -1.732664 -3.532116
0.685039 -0.133858 -0.716535
255 255 255 255
0.005882 0.005535
0 0 0 0
1.000000 0.000000 0.000000 0.000000
21.359123 0.000000 -3.865781
0.685039 0.000000 -0.724409
255 255 255 255
0.005882 0.055298
0 0 0 0
1.000000 0.000000 0.000000 0.000000
21.665079 0.000000 -0.568818
0.740157 -0.007874 0.677165
255 255 255 255
0.309814 0.245361
0 0 0 0
1.000000 0.000000 0.000000 0.000000
21.359123 -1.732664 -3.532116
0.685039 -0.133858 -0.716535
255 255 255 255
0.276123 0.304688
0 0 0 0
1.000000 0.000000 0.000000 0.000000
21.665079 -1.702725 -0.662115
0.740157 -0.055118 0.669291
255 255 255 255
0.276611 0.247192
0 0 0 0
1.000000 0.000000 0.000000 0.000000
21.359123 0.000000 -3.865781
0.685039 0.000000 -0.724409
255 255 255 255
0.309814 0.311523
0 0 0 0
1.000000 0.000000 0.000000 0.000000
21.359123 1.732664 -3.532116
0.685039 0.133858 -0.716535
255 255 255 255
0.343506 0.304688
0 0 0 0
1.000000 0.000000 0.000000 0.000000
21.665079 1.791917 -0.627807
0.574803 0.622047 0.527559
255 255 255 255
0.344727 0.246460
0 0 0 0
1.000000 0.000000 0.000000 0.000000
-23.628775 -1.672788 -1.057666
-0.196850 -0.488189 0.850394
255 255 255 255
0.597656 0.008972
0 0 0 0
1.000000 0.000000 0.000000 0.000000
-23.628775 0.000000 -0.926468
-0.165354 0.000000 0.984252
255 255 255 255
0.597656 0.055298
0 0 0 0
1.000000 0.000000 0.000000 0.000000
21.665079 -1.702725 -0.662115
0.740157 -0.055118 0.669291
255 255 255 255
0.005882 0.008972
0 0 0 0
1.000000 0.000000 0.000000 0.000000
21.665079 0.000000 -0.568818
0.740157 -0.007874 0.677165
255 255 255 255
0.005882 0.055298
0 0 0 0
1.000000 0.000000 0.000000 0.000000
21.665079 1.791917 -0.627807
0.574803 0.622047 0.527559
255 255 255 255
0.005882 0.101563
0 0 0 0
1.000000 0.000000 0.000000 0.000000
-23.628775 1.672788 -1.057666
-0.157480 0.724409 0.669291
255 255 255 255
0.597656 0.101563
0 0 0 0
1.000000 0.000000 0.000000 0.000000
-31.906527 1.339418 -2.226843
0.346457 0.803150 0.488189
255 255 255 255
0.952148 0.160889
0 0 0 0
1.000000 0.000000 0.000000 0.000000
-33.323982 1.476593 -8.521257
0.102362 0.992126 0.015748
255 255 255 255
0.988281 0.333984
0 0 0 0
1.000000 0.000000 0.000000 0.000000
-31.154325 1.085896 -3.192828
0.417323 0.771654 0.480315
255 255 255 255
0.933105 0.188599
0 0 0 0
1.000000 0.000000 0.000000 0.000000
-30.230919 0.995218 -3.459891
-0.039370 0.787402 0.614173
255 255 255 255
0.909668 0.196167
0 0 0 0
1.000000 0.000000 0.000000 0.000000
-30.051716 1.663050 -9.987654
0.141732 0.905512 -0.393701
255 255 255 255
0.905273 0.366699
0 0 0 0
1.000000 0.000000 0.000000 0.000000
-27.918903 1.299527 -5.906915
0.330709 0.842520 -0.417323
255 255 255 255
0.850586 0.266357
0 0 0 0
1.000000 0.000000 0.000000 0.000000
-26.822351 1.374767 -2.132180
-0.267717 0.732283 0.629921
255 255 255 255
0.822754 0.158203
0 0 0 0
1.000000 0.000000 0.000000 0.000000
-24.870100 1.732664 -4.833993
0.070866 0.787402 -0.606299
255 255 255 255
0.772949 0.235596
0 0 0 0
1.000000 0.000000 0.000000 0.000000
-23.628775 1.672788 -1.057666
-0.157480 0.724409 0.669291
255 255 255 255
0.741211 0.127441
0 0 0 0
1.000000 0.000000 0.000000 0.000000
21.359123 1.732664 -3.532116
0.000000 1.000000 0.000000
255 255 255 255
0.018524 0.198242
0 0 0 0
1.000000 0.000000 0.000000 0.000000
21.665079 1.791917 -0.627807
0.574803 0.622047 0.527559
255 255 255 255
0.009758 0.115112
0 0 0 0
1.000000 0.000000 0.000000 0.000000
-31.906527 -1.339418 -2.226843
0.346457 -0.803150 0.488189
255 255 255 255
0.952148 0.160889
0 0 0 0
1.000000 0.000000 0.000000 0.000000
-31.154325 -1.085896 -3.192828
0.417323 -0.771654 0.480315
255 255 255 255
0.933105 0.188599
0 0 0 0
1.000000 0.000000 0.000000 0.000000
-33.323982 -1.476593 -8.521257
0.102362 -0.992126 0.015748
255 255 255 255
0.988281 0.333984
0 0 0 0
1.000000 0.000000 0.000000 0.000000
-30.230919 -0.997092 -3.445670
-0.039370 -0.787402 0.614173
255 255 255 255
0.909668 0.195801
0 0 0 0
1.000000 0.000000 0.000000 0.000000
-30.051716 -1.663050 -9.987654
0.141732 -0.905512 -0.393701
255 255 255 255
0.905273 0.366699
0 0 0 0
1.000000 0.000000 0.000000 0.000000
-27.918903 -1.299527 -5.906915
0.330709 -0.842520 -0.417323
255 255 255 255
0.850586 0.266357
0 0 0 0
1.000000 0.000000 0.000000 0.000000
-26.822351 -1.374767 -2.132180
-0.267717 -0.732283 0.629921
255 255 255 255
0.822754 0.158203
0 0 0 0
1.000000 0.000000 0.000000 0.000000
-24.870100 -1.732664 -4.833993
-0.125984 -0.992126 0.039370
255 255 255 255
0.772949 0.235596
0 0 0 0
1.000000 0.000000 0.000000 0.000000
-23.628775 -1.672788 -1.057666
-0.196850 -0.488189 0.850394
255 255 255 255
0.741211 0.127441
0 0 0 0
1.000000 0.000000 0.000000 0.000000
-30.834152 1.582646 4.462998
-0.858268 -0.496063 -0.094488
255 255 255 255
0.989746 0.557617
0 0 0 0
1.000000 0.000000 0.000000 0.000000
-30.476557 0.984722 4.353776
-0.858268 -0.496063 -0.094488
255 255 255 255
0.989258 0.557617
0 0 0 0
1.000000 0.000000 0.000000 0.000000
-30.834152 0.289100 2.591252
-0.858268 -0.094488 0.496063
255 255 255 255
0.989746 0.555664
0 0 0 0
1.000000 0.000000 0.000000 0.000000
-30.476557 0.179878 3.189176
-0.858268 -0.094488 0.496063
255 255 255 255
0.989258 0.555664
0 0 0 0
1.000000 0.000000 0.000000 0.000000
-30.476557 -0.984722 3.994020
-0.858268 0.496063 0.094488
255 255 255 255
0.989258 0.445313
0 0 0 0
1.000000 0.000000 0.000000 0.000000
2.550841 -0.457116 6.676324
-0.070866 -0.181102 0.984252
255 255 255 255
0.369385 0.447021
0 0 0 0
1.000000 0.000000 0.000000 0.000000
7.003996 2.502423 4.631014
0.000000 0.984252 0.181102
255 255 255 255
0.286621 0.557617
0 0 0 0
1.000000 0.000000 0.000000 0.000000
7.003996 -0.457116 6.676324
0.000000 -0.181102 0.984252
255 255 255 255
0.286621 0.447021
0 0 0 0
1.000000 0.000000 0.000000 0.000000
2.550838 2.502423 4.631014
-0.070866 0.984252 0.181102
255 255 255 255
0.369385 0.557617
0 0 0 0
1.000000 0.000000 0.000000 0.000000
-6.519987 -0.212413 5.336725
-0.062992 -0.181102 0.984252
255 255 255 255
0.568359 0.447021
0 0 0 0
1.000000 0.000000 0.000000 0.000000
-6.519987 1.162825 4.386311
-0.062992 0.984252 0.181102
255 255 255 255
0.568359 0.557617
0 0 0 0
1.000000 0.000000 0.000000 0.000000
-30.834152 1.582646 4.462998
0.015748 0.984252 0.181102
255 255 255 255
0.989746 0.557617
0 0 0 0
1.000000 0.000000 0.000000 0.000000
-30.834146 -0.289100 5.756544
0.015748 -0.181102 0.984252
255 255 255 255
0.989746 0.447021
0 0 0 0
1.000000 0.000000 0.000000 0.000000
-30.834146 -1.582646 3.884798
0.015748 -0.984252 -0.181102
255 255 255 255
0.989746 0.445313
0 0 0 0
1.000000 0.000000 0.000000 0.000000
-6.519987 -1.162825 3.961486
-0.062992 -0.984252 -0.181102
255 255 255 255
0.568359 0.445313
0 0 0 0
1.000000 0.000000 0.000000 0.000000
2.550841 -2.502423 3.716784
-0.070866 -0.984252 -0.181102
255 255 255 255
0.369385 0.445313
0 0 0 0
1.000000 0.000000 0.000000 0.000000
2.550838 0.457116 1.671477
-0.070866 0.181102 -0.984252
255 255 255 255
0.369385 0.555664
0 0 0 0
1.000000 0.000000 0.000000 0.000000
7.003996 -2.502423 3.716784
0.000000 -0.984252 -0.181102
255 255 255 255
0.286621 0.445313
0 0 0 0
1.000000 0.000000 0.000000 0.000000
7.003996 0.457116 1.671477
0.000000 0.181102 -0.984252
255 255 255 255
0.286621 0.555664
0 0 0 0
1.000000 0.000000 0.000000 0.000000
2.550838 2.502423 4.631014
-0.070866 0.984252 0.181102
255 255 255 255
0.369385 0.557617
0 0 0 0
1.000000 0.000000 0.000000 0.000000
-6.519987 1.162825 4.386311
-0.062992 0.984252 0.181102
255 255 255 255
0.568359 0.557617
0 0 0 0
1.000000 0.000000 0.000000 0.000000
-6.519987 0.212413 3.011073
-0.062992 0.181102 -0.984252
255 255 255 255
0.568359 0.555664
0 0 0 0
1.000000 0.000000 0.000000 0.000000
2.550841 -0.457116 6.676324
-0.070866 -0.181102 0.984252
255 255 255 255
0.369385 0.447021
0 0 0 0
1.000000 0.000000 0.000000 0.000000
7.003996 -0.457116 6.676324
0.000000 -0.181102 0.984252
255 255 255 255
0.286621 0.447021
0 0 0 0
1.000000 0.000000 0.000000 0.000000
-6.519987 -0.212413 5.336725
-0.062992 -0.181102 0.984252
255 255 255 255
0.568359 0.447021
0 0 0 0
1.000000 0.000000 0.000000 0.000000
-30.834146 -0.289100 5.756544
0.015748 -0.181102 0.984252
255 255 255 255
0.989746 0.447021
0 0 0 0
1.000000 0.000000 0.000000 0.000000
7.003996 2.502423 4.631014
0.000000 0.984252 0.181102
255 255 255 255
0.286621 0.557617
0 0 0 0
1.000000 0.000000 0.000000 0.000000
-30.834152 0.289100 2.591252
0.015748 0.181102 -0.984252
255 255 255 255
0.989746 0.555664
0 0 0 0
1.000000 0.000000 0.000000 0.000000
-17.885452 1.573969 3.704590
1.000000 0.000000 0.000000
255 255 255 255
0.020309 0.423828
0 0 0 0
1.000000 0.000000 0.000000 0.000000
-17.885452 0.611360 2.785846
1.000000 0.000000 0.000000
255 255 255 255
0.064880 0.466309
0 0 0 0
1.000000 0.000000 0.000000 0.000000
-17.885452 0.948357 5.286596
1.000000 0.000000 0.000000
255 255 255 255
0.049255 0.350586
0 0 0 0
1.000000 0.000000 0.000000 0.000000
-17.885452 -0.177378 5.658216
1.000000 0.000000 0.000000
255 255 255 255
0.101379 0.333252
0 0 0 0
1.000000 0.000000 0.000000 0.000000
-17.885452 -1.385671 4.793843
1.000000 0.000000 0.000000
255 255 255 255
0.157227 0.373291
0 0 0 0
1.000000 0.000000 0.000000 0.000000
-17.885452 -0.565160 2.556779
1.000000 0.000000 0.000000
255 255 255 255
0.119324 0.477051
0 0 0 0
1.000000 0.000000 0.000000 0.000000
-17.885452 -1.385671 3.198170
1.000000 0.000000 0.000000
255 255 255 255
0.157227 0.447266
0 0 0 0
1.000000 0.000000 0.000000 0.000000
-17.885452 -0.565160 1.082934
1.000000 0.000000 0.000000
255 255 255 255
0.119324 0.544922
0 0 0 0
1.000000 0.000000 0.000000 0.000000
-17.885452 0.611360 1.082934
1.000000 0.000000 0.000000
255 255 255 255
0.064880 0.544922
0 0 0 0
1.000000 0.000000 0.000000 0.000000
-17.885452 0.611360 1.082934
-0.094488 0.992126 0.000000
255 255 255 255
0.585449 0.284424
0 0 0 0
1.000000 0.000000 0.000000 0.000000
-17.885452 0.611360 2.785846
-0.094488 0.992126 0.000000
255 255 255 255
0.512207 0.284424
0 0 0 0
1.000000 0.000000 0.000000 0.000000
-19.058872 0.497098 1.082932
-0.094488 0.992126 0.000000
255 255 255 255
0.585449 0.237549
0 0 0 0
1.000000 0.000000 0.000000 0.000000
-19.058872 0.500101 2.764183
-0.094488 0.992126 0.000000
255 255 255 255
0.512207 0.237549
0 0 0 0
1.000000 0.000000 0.000000 0.000000
-19.143211 1.573969 3.704587
-0.023622 0.677165 -0.740157
255 255 255 255
0.472412 0.230225
0 0 0 0
1.000000 0.000000 0.000000 0.000000
-19.058872 0.500101 2.764183
-0.023622 0.677165 -0.740157
255 255 255 255
0.512207 0.237549
0 0 0 0
1.000000 0.000000 0.000000 0.000000
-17.885452 1.573969 3.704590
-0.023622 0.677165 -0.740157
255 255 255 255
0.472412 0.284424
0 0 0 0
1.000000 0.000000 0.000000 0.000000
-17.885452 0.611360 2.785846
-0.023622 0.677165 -0.740157
255 255 255 255
0.512207 0.284424
0 0 0 0
1.000000 0.000000 0.000000 0.000000
-19.143211 1.573969 3.704587
0.000000 0.929134 0.370079
255 255 255 255
0.472412 0.230225
0 0 0 0
1.000000 0.000000 0.000000 0.000000
-17.885452 1.573969 3.704590
0.000000 0.929134 0.370079
255 255 255 255
0.472412 0.284424
0 0 0 0
1.000000 0.000000 0.000000 0.000000
-19.143211 0.948357 5.286596
0.000000 0.685039 0.724409
255 255 255 255
0.404297 0.230225
0 0 0 0
1.000000 0.000000 0.000000 0.000000
-17.885452 0.948357 5.286596
0.000000 0.685039 0.724409
255 255 255 255
0.404297 0.284424
0 0 0 0
1.000000 0.000000 0.000000 0.000000
-19.143211 -0.177378 5.658216
0.000000 0.314961 0.952756
255 255 255 255
0.388184 0.230225
0 0 0 0
1.000000 0.000000 0.000000 0.000000
-17.885452 -0.177378 5.658216
0.000000 0.314961 0.952756
255 255 255 255
0.388184 0.284424
0 0 0 0
1.000000 0.000000 0.000000 0.000000
-17.885452 -0.177378 5.658216
0.000000 -0.582677 0.811024
255 255 255 255
0.388184 0.284424
0 0 0 0
1.000000 0.000000 0.000000 0.000000
-17.885452 -1.385671 4.793843
0.000000 -0.582677 0.811024
255 255 255 255
0.425537 0.284424
0 0 0 0
1.000000 0.000000 0.000000 0.000000
-19.143211 -0.177378 5.658216
0.000000 -0.582677 0.811024
255 255 255 255
0.388184 0.230225
0 0 0 0
1.000000 0.000000 0.000000 0.000000
-19.143211 -1.385671 4.793843
0.000000 -0.582677 0.811024
255 255 255 255
0.425537 0.230225
0 0 0 0
1.000000 0.000000 0.000000 0.000000
-17.885452 -1.385671 4.793843
0.000000 -1.000000 0.000000
255 255 255 255
0.425537 0.284424
0 0 0 0
1.000000 0.000000 0.000000 0.000000
-17.885452 -1.385671 3.198170
0.000000 -1.000000 0.000000
255 255 255 255
0.494385 0.284424
0 0 0 0
1.000000 0.000000 0.000000 0.000000
-19.143211 -1.385671 4.793843
0.000000 -1.000000 0.000000
255 255 255 255
0.425537 0.230225
0 0 0 0
1.000000 0.000000 0.000000 0.000000
-19.143211 -1.385671 3.198167
0.000000 -1.000000 0.000000
255 255 255 255
0.494385 0.230225
0 0 0 0
1.000000 0.000000 0.000000 0.000000
-17.885452 -1.385671 3.198170
0.000000 -0.614173 -0.787402
255 255 255 255
0.494385 0.284424
0 0 0 0
1.000000 0.000000 0.000000 0.000000
-17.885452 -0.565160 2.556779
0.000000 -0.614173 -0.787402
255 255 255 255
0.521973 0.284424
0 0 0 0
1.000000 0.000000 0.000000 0.000000
-19.143211 -1.385671 3.198167
0.000000 -0.614173 -0.787402
255 255 255 255
0.494385 0.230225
0 0 0 0
1.000000 0.000000 0.000000 0.000000
-19.143215 -0.565160 2.556777
0.000000 -0.614173 -0.787402
255 255 255 255
0.521973 0.230225
0 0 0 0
1.000000 0.000000 0.000000 0.000000
-17.885452 -0.565160 2.556779
0.000000 -1.000000 0.000000
255 255 255 255
0.521973 0.284424
0 0 0 0
1.000000 0.000000 0.000000 0.000000
-17.885452 -0.565160 1.082934
0.000000 -1.000000 0.000000
255 255 255 255
0.585449 0.284424
0 0 0 0
1.000000 0.000000 0.000000 0.000000
-19.143215 -0.565160 2.556777
0.000000 -1.000000 0.000000
255 255 255 255
0.521973 0.230225
0 0 0 0
1.000000 0.000000 0.000000 0.000000
-19.143215 -0.565160 1.082932
0.000000 -1.000000 0.000000
255 255 255 255
0.585449 0.230225
0 0 0 0
1.000000 0.000000 0.000000 0.000000
-19.143211 1.573969 3.704587
-1.000000 0.007874 -0.015748
255 255 255 255
0.020309 0.423828
0 0 0 0
1.000000 0.000000 0.000000 0.000000
-19.143211 0.948357 5.286596
-1.000000 0.007874 -0.015748
255 255 255 255
0.049255 0.350586
0 0 0 0
1.000000 0.000000 0.000000 0.000000
-19.058872 0.500101 2.764183
-1.000000 0.007874 -0.015748
255 255 255 255
0.070007 0.467285
0 0 0 0
1.000000 0.000000 0.000000 0.000000
-19.143211 -0.177378 5.658216
-1.000000 0.007874 -0.015748
255 255 255 255
0.101379 0.333252
0 0 0 0
1.000000 0.000000 0.000000 0.000000
-19.143211 -1.385671 4.793843
-1.000000 0.007874 -0.015748
255 255 255 255
0.157227 0.373291
0 0 0 0
1.000000 0.000000 0.000000 0.000000
-19.143215 -0.565160 2.556777
-1.000000 0.007874 -0.015748
255 255 255 255
0.119324 0.477051
0 0 0 0
1.000000 0.000000 0.000000 0.000000
-19.143211 -1.385671 3.198167
-1.000000 0.007874 -0.015748
255 255 255 255
0.157227 0.447266
0 0 0 0
1.000000 0.000000 0.000000 0.000000
-19.058872 0.500101 2.764183
-1.000000 0.078740 0.000000
255 255 255 255
0.070007 0.467285
0 0 0 0
1.000000 0.000000 0.000000 0.000000
-19.143215 -0.565160 2.556777
-1.000000 0.078740 0.000000
255 255 255 255
0.119324 0.477051
0 0 0 0
1.000000 0.000000 0.000000 0.000000
-19.058872 0.497098 1.082932
-1.000000 0.078740 0.000000
255 255 255 255
0.070129 0.544922
0 0 0 0
1.000000 0.000000 0.000000 0.000000
-19.143215 -0.565160 1.082932
-1.000000 0.078740 0.000000
255 255 255 255
0.119324 0.544922
0 0 0 0
1.000000 0.000000 0.000000 0.000000
-8.908319 1.573969 3.704590
1.000000 0.000000 0.000000
255 255 255 255
0.020309 0.423828
0 0 0 0
1.000000 0.000000 0.000000 0.000000
-8.908319 0.611360 2.785846
1.000000 0.000000 0.000000
255 255 255 255
0.064880 0.466309
0 0 0 0
1.000000 0.000000 0.000000 0.000000
-8.908319 0.948357 5.286596
1.000000 0.000000 0.000000
255 255 255 255
0.049255 0.350586
0 0 0 0
1.000000 0.000000 0.000000 0.000000
-8.908319 -0.177378 5.658216
1.000000 0.000000 0.000000
255 255 255 255
0.101379 0.333252
0 0 0 0
1.000000 0.000000 0.000000 0.000000
-8.908319 -1.385671 4.793843
1.000000 0.000000 0.000000
255 255 255 255
0.157227 0.373291
0 0 0 0
1.000000 0.000000 0.000000 0.000000
-8.908319 -0.565160 2.556779
1.000000 0.000000 0.000000
255 255 255 255
0.119324 0.477051
0 0 0 0
1.000000 0.000000 0.000000 0.000000
-8.908319 -1.385671 3.198170
1.000000 0.000000 0.000000
255 255 255 255
0.157227 0.447266
0 0 0 0
1.000000 0.000000 0.000000 0.000000
-8.908319 -0.565160 1.082934
1.000000 0.000000 0.000000
255 255 255 255
0.119324 0.544922
0 0 0 0
1.000000 0.000000 0.000000 0.000000
-8.908319 0.611360 1.082934
1.000000 0.000000 0.000000
255 255 255 255
0.064880 0.544922
0 0 0 0
1.000000 0.000000 0.000000 0.000000
-8.908319 0.611360 1.082934
-0.094488 0.992126 0.000000
255 255 255 255
0.585449 0.284424
0 0 0 0
1.000000 0.000000 0.000000 0.000000
-8.908319 0.611360 2.785846
-0.094488 0.992126 0.000000
255 255 255 255
0.512207 0.284424
0 0 0 0
1.000000 0.000000 0.000000 0.000000
-10.081738 0.497098 1.082932
-0.094488 0.992126 0.000000
255 255 255 255
0.585449 0.237549
0 0 0 0
1.000000 0.000000 0.000000 0.000000
-10.081738 0.500101 2.764183
-0.094488 0.992126 0.000000
255 255 255 255
0.512207 0.237549
0 0 0 0
1.000000 0.000000 0.000000 0.000000
-10.166078 1.573969 3.704587
-0.023622 0.677165 -0.740157
255 255 255 255
0.472412 0.230225
0 0 0 0
1.000000 0.000000 0.000000 0.000000
-10.081738 0.500101 2.764183
-0.023622 0.677165 -0.740157
255 255 255 255
0.512207 0.237549
0 0 0 0
1.000000 0.000000 0.000000 0.000000
-8.908319 1.573969 3.704590
-0.023622 0.677165 -0.740157
255 255 255 255
0.472412 0.284424
0 0 0 0
1.000000 0.000000 0.000000 0.000000
-8.908319 0.611360 2.785846
-0.023622 0.677165 -0.740157
255 255 255 255
0.512207 0.284424
0 0 0 0
1.000000 0.000000 0.000000 0.000000
-10.166078 1.573969 3.704587
0.000000 0.929134 0.370079
255 255 255 255
0.472412 0.230225
0 0 0 0
1.000000 0.000000 0.000000 0.000000
-8.908319 1.573969 3.704590
0.000000 0.929134 0.370079
255 255 255 255
0.472412 0.284424
0 0 0 0
1.000000 0.000000 0.000000 0.000000
-10.166078 0.948357 5.286596
0.000000 0.685039 0.724409
255 255 255 255
0.404297 0.230225
0 0 0 0
1.000000 0.000000 0.000000 0.000000
-8.908319 0.948357 5.286596
0.000000 0.685039 0.724409
255 255 255 255
0.404297 0.284424
0 0 0 0
1.000000 0.000000 0.000000 0.000000
-10.166078 -0.177378 5.658216
0.000000 0.314961 0.952756
255 255 255 255
0.388184 0.230225
0 0 0 0
1.000000 0.000000 0.000000 0.000000
-8.908319 -0.177378 5.658216
0.000000 0.314961 0.952756
255 255 255 255
0.388184 0.284424
0 0 0 0
1.000000 0.000000 0.000000 0.000000
-8.908319 -0.177378 5.658216
0.000000 -0.582677 0.811024
255 255 255 255
0.388184 0.284424
0 0 0 0
1.000000 0.000000 0.000000 0.000000
-8.908319 -1.385671 4.793843
0.000000 -0.582677 0.811024
255 255 255 255
0.425537 0.284424
0 0 0 0
1.000000 0.000000 0.000000 0.000000
-10.166078 -0.177378 5.658216
0.000000 -0.582677 0.811024
255 255 255 255
0.388184 0.230225
0 0 0 0
1.000000 0.000000 0.000000 0.000000
-10.166078 -1.385671 4.793843
0.000000 -0.582677 0.811024
255 255 255 255
0.425537 0.230225
0 0 0 0
1.000000 0.000000 0.000000 0.000000
-8.908319 -1.385671 4.793843
0.000000 -1.000000 0.000000
255 255 255 255
0.425537 0.284424
0 0 0 0
1.000000 0.000000 0.000000 0.000000
-8.908319 -1.385671 3.198170
0.000000 -1.000000 0.000000
255 255 255 255
0.494385 0.284424
0 0 0 0
1.000000 0.000000 0.000000 0.000000
-10.166078 -1.385671 4.793843
0.000000 -1.000000 0.000000
255 255 255 255
0.425537 0.230225
0 0 0 0
1.000000 0.000000 0.000000 0.000000
-10.166078 -1.385671 3.198167
0.000000 -1.000000 0.000000
255 255 255 255
0.494385 0.230225
0 0 0 0
1.000000 0.000000 0.000000 0.000000
-8.908319 -1.385671 3.198170
0.000000 -0.614173 -0.787402
255 255 255 255
0.494385 0.284424
0 0 0 0
1.000000 0.000000 0.000000 0.000000
-8.908319 -0.565160 2.556779
0.000000 -0.614173 -0.787402
255 255 255 255
0.521973 0.284424
0 0 0 0
1.000000 0.000000 0.000000 0.000000
-10.166078 -1.385671 3.198167
0.000000 -0.614173 -0.787402
255 255 255 255
0.494385 0.230225
0 0 0 0
1.000000 0.000000 0.000000 0.000000
-10.166081 -0.565160 2.556777
0.000000 -0.614173 -0.787402
255 255 255 255
0.521973 0.230225
0 0 0 0
1.000000 0.000000 0.000000 0.000000
-8.908319 -0.565160 2.556779
0.000000 -1.000000 0.000000
255 255 255 255
0.521973 0.284424
0 0 0 0
1.000000 0.000000 0.000000 0.000000
-8.908319 -0.565160 1.082934
0.000000 -1.000000 0.000000
255 255 255 255
0.585449 0.284424
0 0 0 0
1.000000 0.000000 0.000000 0.000000
-10.166081 -0.565160 2.556777
0.000000 -1.000000 0.000000
255 255 255 255
0.521973 0.230225
0 0 0 0
1.000000 0.000000 0.000000 0.000000
-10.166081 -0.565160 1.082932
0.000000 -1.000000 0.000000
255 255 255 255
0.585449 0.230225
0 0 0 0
1.000000 0.000000 0.000000 0.000000
-10.166078 1.573969 3.704587
-1.000000 0.007874 -0.015748
255 255 255 255
0.020309 0.423828
0 0 0 0
1.000000 0.000000 0.000000 0.000000
-10.166078 0.948357 5.286596
-1.000000 0.007874 -0.015748
255 255 255 255
0.049255 0.350586
0 0 0 0
1.000000 0.000000 0.000000 0.000000
-10.081738 0.500101 2.764183
-1.000000 0.007874 -0.015748
255 255 255 255
0.070007 0.467285
0 0 0 0
1.000000 0.000000 0.000000 0.000000
-10.166078 -0.177378 5.658216
-1.000000 0.007874 -0.015748
255 255 255 255
0.101379 0.333252
0 0 0 0
1.000000 0.000000 0.000000 0.000000
-10.166078 -1.385671 4.793843
-1.000000 0.007874 -0.015748
255 255 255 255
0.157227 0.373291
0 0 0 0
1.000000 0.000000 0.000000 0.000000
-10.166081 -0.565160 2.556777
-1.000000 0.007874 -0.015748
255 255 255 255
0.119324 0.477051
0 0 0 0
1.000000 0.000000 0.000000 0.000000
-10.166078 -1.385671 3.198167
-1.000000 0.007874 -0.015748
255 255 255 255
0.157227 0.447266
0 0 0 0
1.000000 0.000000 0.000000 0.000000
-10.081738 0.500101 2.764183
-1.000000 0.078740 0.000000
255 255 255 255
0.070007 0.467285
0 0 0 0
1.000000 0.000000 0.000000 0.000000
-10.166081 -0.565160 2.556777
-1.000000 0.078740 0.000000
255 255 255 255
0.119324 0.477051
0 0 0 0
1.000000 0.000000 0.000000 0.000000
-10.081738 0.497098 1.082932
-1.000000 0.078740 0.000000
255 255 255 255
0.070129 0.544922
0 0 0 0
1.000000 0.000000 0.000000 0.000000
-10.166081 -0.565160 1.082932
-1.000000 0.078740 0.000000
255 255 255 255
0.119324 0.544922
0 0 0 0
1.000000 0.000000 0.000000 0.000000
-16.480543 -0.590591 7.047435
-0.716535 -0.692913 0.000000
255 255 255 255
0.542969 0.297119
0 0 0 0
1.000000 0.000000 0.000000 0.000000
-15.663700 -0.824225 4.957206
0.244094 -0.968504 0.000000
255 255 255 255
0.487549 0.387695
0 0 0 0
1.000000 0.000000 0.000000 0.000000
-16.480543 -0.590591 4.957206
-0.716535 -0.692913 0.000000
255 255 255 255
0.542969 0.387695
0 0 0 0
1.000000 0.000000 0.000000 0.000000
-15.663700 -0.824225 7.047435
0.244094 -0.968504 0.000000
255 255 255 255
0.487549 0.297119
0 0 0 0
1.000000 0.000000 0.000000 0.000000
-15.052938 -0.233634 4.957206
0.960630 -0.275591 0.000000
255 255 255 255
0.432373 0.387695
0 0 0 0
1.000000 0.000000 0.000000 0.000000
-15.052938 -0.233634 7.047435
0.960630 -0.275591 0.000000
255 255 255 255
0.432373 0.297119
0 0 0 0
1.000000 0.000000 0.000000 0.000000
-15.259032 0.590591 4.957206
0.716535 0.692913 0.000000
255 255 255 255
0.376953 0.387695
0 0 0 0
1.000000 0.000000 0.000000 0.000000
-15.259032 0.590591 7.047435
0.716535 0.692913 0.000000
255 255 255 255
0.376953 0.297119
0 0 0 0
1.000000 0.000000 0.000000 0.000000
-16.480543 -0.590591 7.047435
-0.716535 -0.692913 0.000000
255 255 255 255
0.542969 0.297119
0 0 0 0
1.000000 0.000000 0.000000 0.000000
-16.480543 -0.590591 4.957206
-0.716535 -0.692913 0.000000
255 255 255 255
0.542969 0.387695
0 0 0 0
1.000000 0.000000 0.000000 0.000000
-16.686632 0.233634 7.047435
-0.960630 0.275591 0.000000
255 255 255 255
0.487793 0.297119
0 0 0 0
1.000000 0.000000 0.000000 0.000000
-16.686632 0.233634 4.957206
-0.960630 0.275591 0.000000
255 255 255 255
0.487793 0.387695
0 0 0 0
1.000000 0.000000 0.000000 0.000000
-16.075876 0.824225 7.047435
-0.244094 0.968504 0.000000
255 255 255 255
0.432373 0.297119
0 0 0 0
1.000000 0.000000 0.000000 0.000000
-16.075876 0.824225 4.957206
-0.244094 0.968504 0.000000
255 255 255 255
0.432373 0.387695
0 0 0 0
1.000000 0.000000 0.000000 0.000000
-15.259032 0.590591 7.047435
0.716535 0.692913 0.000000
255 255 255 255
0.376953 0.297119
0 0 0 0
1.000000 0.000000 0.000000 0.000000
-15.259032 0.590591 4.957206
0.716535 0.692913 0.000000
255 255 255 255
0.376953 0.387695
0 0 0 0
1.000000 0.000000 0.000000 0.000000
-16.075876 0.824225 7.047435
0.000000 0.000000 1.000000
255 255 255 255
0.095642 0.440674
0 0 0 0
1.000000 0.000000 0.000000 0.000000
-15.259032 0.590591 7.047435
0.000000 0.000000 1.000000
255 255 255 255
0.064697 0.422852
0 0 0 0
1.000000 0.000000 0.000000 0.000000
-16.686632 0.233634 7.047435
0.000000 0.000000 1.000000
255 255 255 255
0.126587 0.422852
0 0 0 0
1.000000 0.000000 0.000000 0.000000
-16.480543 -0.590591 7.047435
0.000000 0.000000 1.000000
255 255 255 255
0.126587 0.387207
0 0 0 0
1.000000 0.000000 0.000000 0.000000
-15.663700 -0.824225 7.047435
0.000000 0.000000 1.000000
255 255 255 255
0.095642 0.369385
0 0 0 0
1.000000 0.000000 0.000000 0.000000
-15.052938 -0.233634 7.047435
0.000000 0.000000 1.000000
255 255 255 255
0.064697 0.387207
0 0 0 0
1.000000 0.000000 0.000000 0.000000
-15.421124 2.886232 4.893818
0.527559 0.000000 0.850394
255 255 255 255
0.542969 0.297119
0 0 0 0
1.000000 0.000000 0.000000 0.000000
-15.020640 0.970516 4.144528
1.000000 0.000000 -0.031496
255 255 255 255
0.487549 0.387695
0 0 0 0
1.000000 0.000000 0.000000 0.000000
-15.421124 0.970516 4.893818
0.527559 0.000000 0.850394
255 255 255 255
0.542969 0.387695
0 0 0 0
1.000000 0.000000 0.000000 0.000000
-15.020640 2.886232 4.144528
1.000000 0.000000 -0.031496
255 255 255 255
0.487549 0.297119
0 0 0 0
1.000000 0.000000 0.000000 0.000000
-15.469306 0.970516 3.423054
0.472441 0.000000 -0.881890
255 255 255 255
0.432373 0.387695
0 0 0 0
1.000000 0.000000 0.000000 0.000000
-15.469306 2.886232 3.423054
0.472441 0.000000 -0.881890
255 255 255 255
0.432373 0.297119
0 0 0 0
1.000000 0.000000 0.000000 0.000000
-16.318451 0.970516 3.450874
-0.527559 0.000000 -0.850394
255 255 255 255
0.376953 0.387695
0 0 0 0
1.000000 0.000000 0.000000 0.000000
-16.318451 2.886232 3.450874
-0.527559 0.000000 -0.850394
255 255 255 255
0.376953 0.297119
0 0 0 0
1.000000 0.000000 0.000000 0.000000
-15.421124 2.886232 4.893818
0.527559 0.000000 0.850394
255 255 255 255
0.542969 0.297119
0 0 0 0
1.000000 0.000000 0.000000 0.000000
-15.421124 0.970516 4.893818
0.527559 0.000000 0.850394
255 255 255 255
0.542969 0.387695
0 0 0 0
1.000000 0.000000 0.000000 0.000000
-16.270267 2.886232 4.921636
-0.472441 0.000000 0.881890
255 255 255 255
0.487793 0.297119
0 0 0 0
1.000000 0.000000 0.000000 0.000000
-16.270267 0.970516 4.921636
-0.472441 0.000000 0.881890
255 255 255 255
0.487793 0.387695
0 0 0 0
1.000000 0.000000 0.000000 0.000000
-16.718929 2.886232 4.200164
-1.000000 0.000000 0.031496
255 255 255 255
0.432373 0.297119
0 0 0 0
1.000000 0.000000 0.000000 0.000000
-16.718929 0.970516 4.200164
-1.000000 0.000000 0.031496
255 255 255 255
0.432373 0.387695
0 0 0 0
1.000000 0.000000 0.000000 0.000000
-16.318451 2.886232 3.450874
-0.527559 0.000000 -0.850394
255 255 255 255
0.376953 0.297119
0 0 0 0
1.000000 0.000000 0.000000 0.000000
-16.318451 0.970516 3.450874
-0.527559 0.000000 -0.850394
255 255 255 255
0.376953 0.387695
0 0 0 0
1.000000 0.000000 0.000000 0.000000
-16.718929 2.886232 4.200164
0.000000 1.000000 0.000000
255 255 255 255
0.095642 0.440674
0 0 0 0
1.000000 0.000000 0.000000 0.000000
-16.318451 2.886232 3.450874
0.000000 1.000000 0.000000
255 255 255 255
0.064697 0.422852
0 0 0 0
1.000000 0.000000 0.000000 0.000000
-16.270267 2.886232 4.921636
0.000000 1.000000 0.000000
255 255 255 255
0.126587 0.422852
0 0 0 0
1.000000 0.000000 0.000000 0.000000
-15.421124 2.886232 4.893818
0.000000 1.000000 0.000000
255 255 255 255
0.126587 0.387207
0 0 0 0
1.000000 0.000000 0.000000 0.000000
-15.020640 2.886232 4.144528
0.000000 1.000000 0.000000
255 255 255 255
0.095642 0.369385
0 0 0 0
1.000000 0.000000 0.000000 0.000000
-15.469306 2.886232 3.423054
0.000000 1.000000 0.000000
255 255 255 255
0.064697 0.387207
0 0 0 0
1.000000 0.000000 0.000000 0.000000
-22.728115 0.000000 -7.613503
0.236220 0.960630 -0.118110
255 255 255 255
0.779785 0.288818
0 0 0 0
1.000000 0.000000 0.000000 0.000000
-23.320820 0.000000 -6.673131
0.236220 0.960630 -0.118110
255 255 255 255
0.789551 0.273682
0 0 0 0
1.000000 0.000000 0.000000 0.000000
-23.778994 0.155230 -6.762649
0.236220 0.960630 -0.118110
255 255 255 255
0.796875 0.275146
0 0 0 0
1.000000 0.000000 0.000000 0.000000
-23.190277 0.303736 -4.667151
0.236220 0.960630 -0.118110
255 255 255 255
0.779297 0.241455
0 0 0 0
1.000000 0.000000 0.000000 0.000000
-21.785137 0.000000 -4.847798
0.236220 0.960630 -0.118110
255 255 255 255
0.764648 0.244385
0 0 0 0
1.000000 0.000000 0.000000 0.000000
-22.728115 0.000000 -7.613503
0.236220 -0.960630 -0.118110
255 255 255 255
0.779785 0.288818
0 0 0 0
1.000000 0.000000 0.000000 0.000000
-23.778994 -0.155230 -6.762649
0.236220 -0.960630 -0.118110
255 255 255 255
0.796875 0.275146
0 0 0 0
1.000000 0.000000 0.000000 0.000000
-23.320820 0.000000 -6.673131
0.236220 -0.960630 -0.118110
255 255 255 255
0.789551 0.273682
0 0 0 0
1.000000 0.000000 0.000000 0.000000
-23.190277 -0.303736 -4.667151
0.236220 -0.960630 -0.118110
255 255 255 255
0.779297 0.241455
0 0 0 0
1.000000 0.000000 0.000000 0.000000
-21.785137 0.000000 -4.847798
0.236220 -0.960630 -0.118110
255 255 255 255
0.764648 0.244385
0 0 0 0
1.000000 0.000000 0.000000 0.000000
52.914177 -0.562610 1.226729
0.000000 0.000000 1.000000
255 255 255 255
0.189453 0.260742
0 0 0 0
1.000000 0.000000 0.000000 0.000000
50.760506 -0.562610 1.226729
0.000000 0.000000 1.000000
255 255 255 255
0.242432 0.260742
0 0 0 0
1.000000 0.000000 0.000000 0.000000
52.914177 0.562610 1.226729
0.000000 0.000000 1.000000
255 255 255 255
0.189453 0.288330
0 0 0 0
1.000000 0.000000 0.000000 0.000000
50.760506 0.562610 1.226729
0.000000 0.000000 1.000000
255 255 255 255
0.242432 0.288330
0 0 0 0
1.000000 0.000000 0.000000 0.000000
50.760506 -0.562610 1.226729
-1.000000 0.000000 0.000000
255 255 255 255
0.243530 0.247314
0 0 0 0
1.000000 0.000000 0.000000 0.000000
50.760506 -0.562610 0.727090
-1.000000 0.000000 0.000000
255 255 255 255
0.243530 0.259521
0 0 0 0
1.000000 0.000000 0.000000 0.000000
50.760506 0.562610 1.226729
-1.000000 0.000000 0.000000
255 255 255 255
0.270996 0.247314
0 0 0 0
1.000000 0.000000 0.000000 0.000000
50.760506 0.562610 0.727090
-1.000000 0.000000 0.000000
255 255 255 255
0.270996 0.259521
0 0 0 0
1.000000 0.000000 0.000000 0.000000
52.914177 -0.562610 0.727090
1.000000 0.000000 0.000000
255 255 255 255
0.243530 0.259521
0 0 0 0
1.000000 0.000000 0.000000 0.000000
52.914177 -0.562610 1.226729
1.000000 0.000000 0.000000
255 255 255 255
0.243530 0.247314
0 0 0 0
1.000000 0.000000 0.000000 0.000000
52.914177 0.562610 0.727090
1.000000 0.000000 0.000000
255 255 255 255
0.270996 0.259521
0 0 0 0
1.000000 0.000000 0.000000 0.000000
52.914177 0.562610 1.226729
1.000000 0.000000 0.000000
255 255 255 255
0.270996 0.247314
0 0 0 0
1.000000 0.000000 0.000000 0.000000
52.914177 0.562610 1.226729
0.000000 1.000000 0.000000
255 255 255 255
0.189453 0.247314
0 0 0 0
1.000000 0.000000 0.000000 0.000000
50.760506 0.562610 1.226729
0.000000 1.000000 0.000000
255 255 255 255
0.242432 0.247314
0 0 0 0
1.000000 0.000000 0.000000 0.000000
52.914177 0.562610 0.727090
0.000000 1.000000 0.000000
255 255 255 255
0.189453 0.259521
0 0 0 0
1.000000 0.000000 0.000000 0.000000
50.760506 0.562610 0.727090
0.000000 1.000000 0.000000
255 255 255 255
0.242432 0.259521
0 0 0 0
1.000000 0.000000 0.000000 0.000000
52.914177 -0.562610 0.727090
0.000000 -1.000000 0.000000
255 255 255 255
0.189453 0.259521
0 0 0 0
1.000000 0.000000 0.000000 0.000000
50.760506 -0.562610 0.727090
0.000000 -1.000000 0.000000
255 255 255 255
0.242432 0.259521
0 0 0 0
1.000000 0.000000 0.000000 0.000000
52.914177 -0.562610 1.226729
0.000000 -1.000000 0.000000
255 255 255 255
0.189453 0.247314
0 0 0 0
1.000000 0.000000 0.000000 0.000000
50.760506 -0.562610 1.226729
0.000000 -1.000000 0.000000
255 255 255 255
0.242432 0.247314
0 0 0 0
1.000000 0.000000 0.000000 0.000000
-24.418760 0.000000 -0.504332
-1.000000 0.000000 0.000000
255 255 255 255
0.432861 0.760742
0 0 0 0
1.000000 0.000000 0.000000 0.000000
-24.220997 0.547596 0.043264
-0.968504 0.173228 0.173228
255 255 255 255
0.393799 0.721680
0 0 0 0
1.000000 0.000000 0.000000 0.000000
-24.220997 -0.547596 0.043264
-0.968504 -0.173228 0.173228
255 255 255 255
0.471924 0.721680
0 0 0 0
1.000000 0.000000 0.000000 0.000000
-24.220997 0.547596 -1.051928
-0.968504 0.173228 -0.173228
255 255 255 255
0.393799 0.799805
0 0 0 0
1.000000 0.000000 0.000000 0.000000
-24.220997 -0.547596 -1.051928
-0.968504 -0.173228 -0.173228
255 255 255 255
0.471924 0.799805
0 0 0 0
1.000000 0.000000 0.000000 0.000000
-55.277702 -1.732664 -2.356861
-0.866142 -0.212598 0.456693
255 255 255 255
0.003050 0.464600
0 0 0 0
1.000000 0.000000 0.000000 0.000000
-55.485748 -1.732664 -2.795557
-0.952756 -0.236220 0.181102
255 255 255 255
0.003050 0.477783
0 0 0 0
1.000000 0.000000 0.000000 0.000000
-55.871132 0.000000 -2.663774
-0.984252 0.000000 0.188976
255 255 255 255
0.032104 0.475586
0 0 0 0
1.000000 0.000000 0.000000 0.000000
-54.798092 0.000000 -12.985415
-0.834646 0.000000 -0.551181
255 255 255 255
0.032104 0.643066
0 0 0 0
1.000000 0.000000 0.000000 0.000000
-55.485748 1.732664 -2.795557
-0.952756 0.236220 0.181102
255 255 255 255
0.061188 0.477783
0 0 0 0
1.000000 0.000000 0.000000 0.000000
-55.277702 1.732664 -2.356861
-0.866142 0.212598 0.456693
255 255 255 255
0.061188 0.464600
0 0 0 0
1.000000 0.000000 0.000000 0.000000
-55.309067 0.000000 -1.641828
-0.881890 0.000000 0.464567
255 255 255 255
0.032104 0.452637
0 0 0 0
1.000000 0.000000 0.000000 0.000000
-54.338219 -1.732664 -12.588667
-0.519685 -0.377953 -0.771654
255 255 255 255
0.003050 0.636230
0 0 0 0
1.000000 0.000000 0.000000 0.000000
-54.338219 0.000000 -13.240903
-0.157480 0.000000 -0.984252
255 255 255 255
0.032104 0.646973
0 0 0 0
1.000000 0.000000 0.000000 0.000000
-54.338219 1.732664 -12.588667
-0.519685 0.377953 -0.771654
255 255 255 255
0.061188 0.636230
0 0 0 0
1.000000 0.000000 0.000000 0.000000
366
0 1 2
3 2 4
5 6 7
8 9 10
11 1 12
13 3 14
15 16 17
18 19 20
20 21 22
23 24 25
26 27 28
29 30 31
32 33 34
35 36 37
38 39 40
41 42 43
42 44 43
43 44 45
44 46 45
45 46 47
46 48 47
47 48 49
48 50 49
49 50 51
50 52 51
51 52 53
53 52 54
55 56 57
57 56 58
56 59 58
58 59 60
59 61 60
60 61 62
61 63 62
62 63 64
63 65 64
64 65 66
65 67 66
66 67 68
69 70 71
71 70 72
71 72 73
73 72 74
73 74 75
75 74 76
77 78 79
79 78 80
81 82 83
83 82 84
83 84 85
85 84 86
87 88 89
89 88 90
89 90 91
91 90 92
93 94 95
95 94 96
97 98 99
99 98 100
99 100 101
101 100 102
101 102 103
103 102 104
105 106 107
107 106 108
109 110 111
111 110 112
110 1 112
113 114 115
115 114 116
117 118 119
120 118 117
117 121 120
122 120 121
121 123 122
123 124 122
124 125 122
122 125 126
126 125 127
128 126 127
128 127 129
127 130 129
131 129 130
13 129 131
132 130 127
133 134 135
134 136 135
12 4 137
138 12 137
138 137 139
140 139 137
141 142 143
143 144 141
145 144 143
144 145 146
147 148 149
149 148 150
151 152 153
152 151 154
155 152 154
156 157 158
158 157 159
160 161 162
162 161 163
164 165 166
166 165 167
168 169 170
170 169 171
169 172 171
171 172 173
174 175 176
176 175 177
175 178 177
177 178 179
180 181 182
183 182 181
18 184 21
185 184 18
185 186 184
187 186 185
187 22 186
188 22 187
189 190 191
191 190 192
193 194 195
195 194 196
197 198 199
199 198 200
201 202 203
204 203 202
205 25 206
206 207 205
207 24 205
206 28 207
208 25 209
25 210 209
211 212 213
212 214 213
212 215 214
214 215 27
216 27 217
217 27 218
218 27 210
219 220 221
221 220 222
223 222 220
224 225 226
226 225 227
228 229 230
230 229 231
232 230 231
233 234 235
235 234 236
235 236 237
237 236 238
239 237 238
240 239 238
241 239 240
242 241 240
243 236 234
243 244 236
244 238 236
244 245 238
245 240 238
246 240 245
242 240 246
247 243 234
248 249 250
251 250 249
251 252 250
253 250 252
254 255 256
256 255 257
258 256 257
259 256 258
257 260 258
258 260 261
260 262 261
263 262 260
262 263 264
265 264 263
266 264 265
257 267 260
267 268 260
269 260 268
263 260 269
269 270 263
265 263 270
271 265 270
272 265 271
272 266 265
273 274 275
276 274 273
276 273 277
273 278 277
279 280 281
280 282 281
282 280 283
280 284 283
285 286 287
287 286 288
288 286 289
289 290 288
288 290 291
291 290 292
293 291 292
292 294 293
293 294 295
296 297 298
297 299 298
298 299 300
300 299 301
299 302 301
301 302 303
304 303 302
305 306 307
308 307 306
307 308 32
309 32 308
37 34 309
34 37 305
310 311 312
313 311 310
310 314 313
314 315 313
314 316 315
317 316 314
318 317 319
40 318 319
40 319 320
321 40 320
320 322 321
321 322 323
321 323 324
324 325 321
325 326 321
320 319 327
327 328 320
320 328 322
319 329 327
319 330 329
324 323 331
325 332 326
316 332 325
333 334 335
335 334 336
336 334 337
334 338 337
337 338 339
340 338 334
341 340 334
342 343 344
344 343 345
346 347 348
348 347 349
350 351 352
352 351 353
352 353 354
354 353 355
356 357 358
358 357 359
360 361 362
362 361 363
364 365 366
366 365 367
368 369 370
370 369 371
372 373 374
373 375 374
375 376 374
374 376 377
378 377 376
379 380 381
381 380 382
383 384 385
385 384 386
386 384 387
384 388 387
387 388 389
390 388 384
391 390 384
392 393 394
394 393 395
396 397 398
398 397 399
400 401 402
402 401 403
402 403 404
404 403 405
406 407 408
408 407 409
410 411 412
412 411 413
414 415 416
416 415 417
418 419 420
420 419 421
422 423 424
423 425 424
425 426 424
424 426 427
428 427 426
429 430 431
431 430 432
433 434 435
436 434 433
436 437 434
438 437 436
438 439 437
440 439 438
441 442 443
443 442 444
443 444 445
445 444 446
445 446 447
447 446 448
449 450 451
451 450 452
452 450 453
453 450 454
455 456 457
458 456 455
458 459 456
460 459 458
460 461 459
462 461 460
463 464 465
465 464 466
465 466 467
467 466 468
467 468 469
469 468 470
471 472 473
473 472 474
474 472 475
475 472 476
477 478 479
478 480 479
481 480 478
482 483 484
485 484 483
486 484 485
487 488 489
489 488 490
491 492 493
493 492 494
495 496 497
497 496 498
499 500 501
501 500 502
503 504 505
505 504 506
507 508 509
507 510 508
507 511 510
507 509 511
512 513 514
514 513 515
514 515 516
517 514 516
518 514 517
518 512 514
513 519 515
519 520 515
521 515 520
516 515 521
WraithMesh01
1
1
mtl_weapon_acog_alpha
0
9
7.003996 -0.457116 6.676324
1.000000 0.000000 0.000000
255 255 255 255
0.962891 0.189087
0 0 0 0
1.000000 0.000000 0.000000 0.000000
7.003996 2.502423 4.631014
1.000000 0.000000 0.000000
255 255 255 255
0.990723 0.724609
0 0 0 0
1.000000 0.000000 0.000000 0.000000
7.003996 -2.502423 3.716784
1.000000 0.000000 0.000000
255 255 255 255
0.895996 0.410889
0 0 0 0
1.000000 0.000000 0.000000 0.000000
7.003996 0.457116 1.671477
1.000000 0.000000 0.000000
255 255 255 255
0.923828 0.946289
0 0 0 0
1.000000 0.000000 0.000000 0.000000
-31.156609 0.000000 4.173898
-1.000000 0.000000 0.000000
255 255 255 255
0.943848 0.567383
0 0 0 0
1.000000 0.000000 0.000000 0.000000
-30.602690 1.396728 4.173898
-0.929134 0.370079 0.000000
255 255 255 255
1.000977 0.567383
0 0 0 0
1.000000 0.000000 0.000000 0.000000
-30.602690 0.000000 5.570626
-0.929134 0.000000 0.370079
255 255 255 255
0.943848 1.012695
0 0 0 0
1.000000 0.000000 0.000000 0.000000
-30.602690 0.000000 2.777170
-0.929134 0.000000 -0.370079
255 255 255 255
0.943848 0.121704
0 0 0 0
1.000000 0.000000 0.000000 0.000000
-30.602690 -1.396728 4.173898
-0.929134 -0.370079 0.000000
255 255 255 255
0.886719 0.567383
0 0 0 0
1.000000 0.000000 0.000000 0.000000
6
0 1 2
2 1 3
4 5 6
4 7 5
4 8 7
4 6 8
